2471
1541
1565
358
3751
7147
8925
3110
1005
5685
168
2599
2397
7937
7853
5739
1625
5569
1968
1231
1848
5307
7128
7713
2634
4439
7439
9940
2772
6862
4970
6765
7780
9217
9550
9905
6843
5122
2590
3093
1781
2819
5212
4772
1019
788
4751
5205
3612
476
3680
4325
7714
9060
1780
7804
6255
7734
317
6828
7271
4605
6046
4149
2612
4423
2894
9740
5578
6253
7269
6286
3695
8440
8847
6498
760
9813
9927
9385
948
8690
6945
9949
258
774
8396
379
7705
5685
8450
8325
6325
4090
5141
4126
7560
377
1569
2947
8093
2903
9278
4465
4875
5880
8062
2398
1918
5702
4828
7894
1697
337
29
7290
9733
9453
3217
9066
7820
1931
1719
8901
4145
1752
5970
5129
7909
6768
5314
5903
8141
8907
8339
500
4926
9468
3030
1026
6731
4741
6360
4714
9839
9888
4102
8219
3350
2232
5034
5937
3258
7982
395
447
5689
3517
1398
9150
8480
1251
9443
4059
6330
9453
5243
7706
7956
8931
2899
6822
8263
2909
541
7988
805
6922
5777
8471
5446
7660
6458
2680
6599
5333
5384
2376
2324
634
2171
6283
7782
8189
5046
6920
9339
3144
5489
3960
4200
9789
9141
5034
3614
8700
6289
2136
4282
4207
1861
3239
717
2410
7435
847
4891
300
2780
6575
8355
6522
5470
7500
5475
5147
9214
2139
7139
70
6926
1999
3931
2060
7249
8867
9512
2856
7624
5432
4688
6948
6732
4848
1084
3801
1062
7489
7745
3077
3138
9094
6650
6977
5345
3231
6394
1509
9763
9463
573
5686
5103
1905
1294
2210
7407
6317
6908
734
43
6934
6119
7265
9626
8001
375
7275
9733
84
7564
6216
4278
6090
4324
7563
7806
2918
7905
4347
8504
4473
5467
5834
2956
7745
4542
1286
7478
2478
4104
286
1849
40
9778
8716
1979
1783
5080
4426
4071
3922
3731
7488
7764
4911
6061
5859
6601
131
5755
7714
7497
2227
4023
9397
6043
1739
3321
8849
728
5958
8534
819
1980
3763
4989
867
7649
1379
4003
3601
1467
1961
5172
2619
7199
8329
1449
6267
3362
2957
294
2621
7302
2076
2229
9544
3106
215
5665
3909
4011
1190
6070
7036
3144
5401
7856
5794
8360
4019
3812
22
8349
1063
169
9053
3734
6390
270
4945
2013
9386
8878
4404
3921
7453
4035
1833
2656
2005
2176
2946
5238
958
201
1007
8984
4257
7489
3106
7250
6391
8594
830
1111
3712
1453
2015
4839
2380
5123
4256
6607
2704
4533
8439
8149
9771
4410
8650
521
692
1475
8683
9301
5648
3711
2215
702
5466
7326
8782
4060
2490
9120
3089
3624
3962
199
7305
5515
2424
4529
2554
6705
4057
9496
3474
6984
8270
4578
2221
5632
3348
4378
7838
7904
498
4499
3253
6181
1805
5831
3350
2806
1946
3725
8009
2931
405
4531
9963
2005
2047
5787
8631
5504
3570
6122
9236
7554
1968
8014
4810
471
7332
2764
2332
9003
5023
1739
3721
4000
1544
6122
4347
7596
9775
3683
5231
6360
4492
4100
2806
470
8671
7902
7854
7093
5415
2498
8604
8673
7578
2834
8849
873
1403
8750
8908
8670
6024
6449
3531
6192
2799
7570
5331
5308
7320
1031
5083
2355
9637
5415
9284
7039
5992
96
4489
1797
9202
621
9757
3480
7858
1261
14
4780
9840
1808
3756
5627
4179
2655
8547
5008
3602
3870
3980
1391
799
9586
3119
622
3938
1733
975
8104
9675
4533
803
1638
5626
1254
6322
8674
6670
6382
2985
1089
2852
5352
8695
4304
5570
1352
9118
5240
994
5697
8985
4052
9356
2421
1257
5777
2310
8117
3283
6119
558
1619
7468
342
3199
610
874
5004
9105
4509
9392
8616
6243
3517
7269
6137
5693
270
4263
1234
3538
9684
3263
8071
7984
120
9472
7515
7844
6252
9536
6728
3444
4044
3171
8735
7832
3790
1697
9021
12
1745
3621
1194
873
1689
9006
4770
3613
2355
208
4303
1453
5545
5552
290
9334
1824
340
629
1854
3579
8410
3335
871
2584
5499
4987
7588
3009
6760
9349
2880
4927
2433
7347
7090
2264
5460
5037
2250
6022
5279
482
109
4423
6615
6501
5430
7784
7095
8252
4747
7594
8255
7837
9053
5718
462
9253
982
7330
7472
5876
1013
1410
8353
4199
3335
6960
4329
8964
4431
953
4593
9248
2608
3501
424
551
9435
2988
4497
4473
9622
6557
7272
4419
428
3200
4988
9294
9216
423
7331
9607
9592
1747
3415
3146
4949
7997
9611
5113
8142
406
7026
4377
8440
1169
4304
7750
599
515
8705
5190
5556
5382
928
1163
6181
1832
2180
7207
8252
3287
1503
3341
5385
894
2423
1731
4145
9059
8470
3957
9607
189
1808
5509
3854
1491
1376
1945
5388
8270
9131
1695
4700
8968
7437
390
7022
4423
504
7845
5434
1994
6497
5035
475
5342
6059
8966
834
222
7741
5307
4184
2550
4594
6342
2741
100
4705
5034
2342
3237
5972
7065
2997
7750
3897
3374
6777
4328
490
5387
929
4171
3409
2393
4701
1792
9928
4388
3681
4321
2671
8507
4108
7473
4881
7096
5821
540
4808
1051
7416
5019
3347
4757
7569
4552
2597
3078
2045
8168
5940
2231
416
3174
9537
3611
3168
8160
2487
8637
1897
5290
9546
1346
8673
6773
2696
1887
6729
9395
2888
8833
1772
1547
137
1292
1305
9894
9917
2393
4416
5650
1449
3616
1708
8012
178
650
7001
3139
4030
3785
2290
4134
9571
6063
9583
2090
6114
2128
7968
8949
617
453
3398
3164
2668
8928
9070
405
8277
3872
1321
3317
3218
3152
492
431
2874
7001
2271
1877
2543
7444
4722
314
2275
216
7814
2278
7926
9399
6164
5463
3578
3259
5523
9588
8593
9724
8847
2010
7941
2361
2154
3781
4457
2672
2414
453
6527
3550
2183
6084
6466
6415
4211
5420
8367
8910
7096
8623
8587
6404
9868
4538
5461
8692
9769
5359
4613
4345
8932
4579
2133
9809
4332
6559
5782
7650
1537
2062
7720
2621
1522
1098
7965
1345
3740
1047
6711
5317
7066
308
4846
3025
6913
6939
1550
9131
8960
838
7928
7103
1792
1211
5147
2257
1063
1356
8926
9092
1774
3078
3769
7204
2762
2580
8852
6464
8901
5097
3405
7535
4209
7754
2861
5670
4437
8368
9073
2469
9676
7048
3718
1300
1598
7111
8591
2831
7294
6545
164
2391
4769
2810
8004
5177
118
8626
1658
9543
863
7299
6254
773
5504
4514
8136
6301
7121
1094
5652
5493
296
3946
6100
659
6965
307
9470
665
6894
9641
3463
3251
8868
7575
2663
8261
7250
7278
8153
7836
906
2493
7689
1280
5448
8886
2557
1635
3296
8629
8956
1310
8474
1252
430
9466
7937
6151
5190
8458
2148
1983
790
7486
8254
6963
7628
1081
3650
1994
7013
9093
3501
6495
5086
5412
6086
6693
9772
1316
609
8239
3756
2932
3560
689
1676
8535
4470
4837
9577
7767
6160
2789
3828
4729
9343
7286
4320
9273
7676
4690
9639
2426
4642
9059
5485
1769
9853
4813
667
8383
1108
5841
3518
8160
5949
7533
6537
4685
6895
8373
7009
8093
7336
400
2199
3786
6087
6732
5169
8608
9807
524
4466
9781
609
8336
5589
4121
9955
8221
8503
8005
7205
7963
2031
3273
1252
8661
2424
4924
8963
2955
6843
6301
1762
7402
2226
4907
8438
726
884
2311
489
3210
6292
8637
6794
1737
4116
3657
6376
6522
6191
1967
7946
2564
8319
8395
6810
7366
875
6834
8474
6168
1150
375
9412
4440
8697
1084
7755
1714
7946
1074
6008
4127
2870
8748
2014
365
5856
1199
4337
2998
8061
6177
5134
4274
8935
9326
5344
6806
3681
5455
9128
76
4994
2114
6286
7003
2149
3052
9134
5049
9487
1179
4705
5933
5011
3401
337
2471
8853
7366
1390
5405
7067
7791
8331
3270
9545
31
4012
5182
1705
8565
228
3832
3960
3192
1500
6693
2420
8957
7952
3477
9045
583
5586
5653
8225
4769
3181
4182
741
8750
7121
6246
6931
3686
7497
3406
2882
3786
7865
146
8915
3756
8332
3545
4604
8486
681
6002
5240
784
9402
238
3258
6427
1029
787
3202
7682
4345
3932
2931
6916
7676
4355
9586
7278
769
3136
6411
3946
2699
5861
9634
8617
7355
1091
6636
7362
6208
7702
424
8711
7242
106
7236
272
9417
5003
6440
2116
8791
6250
8336
1288
3839
1687
9287
7922
6380
3603
7432
9090
4421
8095
3002
7796
3631
1359
4617
9356
1356
5438
5638
3500
5507
4503
6226
2497
2387
780
2928
5351
2496
3917
3745
7590
213
94
5593
4057
8794
6432
1453
7534
8495
2155
4234
2459
2290
6116
2595
775
6469
6295
1005
916
5374
1733
7925
8660
7521
7724
8556
9879
8818
7002
3103
1920
262
512
6121
5877
4790
4045
6752
2827
7397
2970
5700
8246
4422
9495
3585
9089
1017
6845
1947
5182
4199
8531
8727
9151
3833
2038
2280
5982
6748
9533
9362
408
6431
9260
6771
5503
4031
929
7396
3951
6026
850
2398
3586
1688
8778
9922
7792
8885
6690
2162
9641
1047
5717
6424
4335
3614
6705
9741
8046
3736
239
8108
873
420
4091
593
927
5282
9984
9414
8976
9885
3258
2947
4098
1230
6960
4107
1649
225
6739
3827
6231
8659
120
1405
3875
6342
9993
6579
5878
7880
5272
7112
5309
6252
4467
7025
3535
4778
8615
3320
9626
6606
2731
3273
6566
9342
4126
8576
742
5182
8196
7152
4024
1938
8130
6902
8406
7881
7713
9105
4544
2831
2928
3255
2986
1963
3086
8771
1302
5252
7021
8913
119
6261
9864
1913
251
5984
8588
217
5442
2765
4335
5323
3511
8544
1511
8943
659
3356
6547
8630
3340
534
6582
80
7842
2400
6936
6569
6062
2690
2942
4078
3401
3772
3171
6111
5165
3669
6682
9610
8554
7275
8118
6634
3039
3473
3879
8695
9547
1796
5945
4419
153
8640
1161
6722
2753
2757
1934
2319
313
96
3192
7299
1796
9884
5809
1588
9111
9575
7722
1620
6771
7796
907
9296
747
7188
2668
3202
4708
256
3832
3346
8112
2270
4903
248
5251
2935
1113
9177
6307
2936
8949
3058
2260
7925
4269
6806
568
40
7965
9557
7697
323
2260
8842
5339
2970
9131
9279
2624
643
7367
7662
2120
7701
2262
271
5576
9975
9653
3970
7948
2568
6052
643
2403
9683
2184
8179
8462
7683
960
8086
4505
7848
6299
8176
919
8638
2719
8475
4326
551
9418
4269
9845
4663
6419
4375
3184
3639
5059
7032
2175
2885
3755
4564
1511
6546
6025
6554
759
2679
6735
5316
6695
9453
9616
3039
9032
9166
1014
8559
7145
5773
2476
9506
8214
1323
2674
1722
3173
1992
7118
4179
1561
3721
3277
6264
2728
4014
2482
5762
7018
4282
9699
4241
3723
4822
4333
9649
819
5372
6147
8441
7236
7314
4858
893
6070
902
1487
591
6620
9919
2713
8111
2539
5611
5153
8269
4213
2299
5320
2357
1044
4512
150
6655
9805
4426
111
1093
5034
8584
6402
8749
4716
2665
3160
2140
2781
4995
1845
6274
4858
853
521
5604
8724
934
2072
8031
6053
7810
840
9638
8456
2089
8229
887
3041
5446
3035
9661
4567
1021
1128
3848
8589
3129
1784
108
5498
384
7239
6205
2764
9075
2073
2129
3811
4015
1494
4402
5902
6844
7957
3728
6366
9089
3838
5816
4638
3816
8027
577
8437
3590
7706
7814
9805
6509
9264
9434
1167
3990
8669
8615
2344
9282
5720
7099
2575
3024
3147
6433
1998
6687
2301
6572
4975
6663
5403
4194
6798
2781
4653
5501
2797
7592
8494
5177
8286
5776
4292
7126
1102
24
2910
4690
1611
1264
75
5086
4175
5949
8313
1287
4558
5373
7718
7436
3738
8766
6525
9786
6254
2422
4397
2620
3838
9414
9969
3325
7896
7107
7960
3607
2964
9956
2242
6792
4773
2817
1279
9321
6040
1368
4671
3181
7368
415
8912
8562
3990
5772
6083
6314
7199
4605
4817
918
5789
4013
4187
9163
6739
6464
4476
6451
612
5606
7225
7941
8293
3091
8811
670
6410
2456
1831
8819
5883
8114
9681
3470
4877
6975
7949
6198
671
4947
5584
9592
3377
1714
5481
2499
1897
5377
6698
1151
1726
7579
303
171
3059
622
7797
3819
529
471
4931
8907
7656
8097
3170
5247
8787
7852
4210
6684
9645
3617
7857
2364
4942
9518
5601
4881
4973
2877
2563
4001
4736
1753
9000
1358
9053
4079
5920
854
604
9803
2028
4759
1335
9553
9630
3016
6913
2036
8583
3561
5705
5957
8997
2574
3119
2589
6471
2912
40
1469
7284
2144
9531
331
4062
7570
9113
6072
6152
2131
5047
9043
6264
8027
5928
914
9039
1844
7735
3354
2481
3463
7447
5518
1297
4563
3181
1636
229
4170
4895
5033
3743
3820
6903
5891
2746
6972
4890
2435
8978
4679
2629
2632
685
8167
8562
5327
6185
9870
3518
2058
532
5198
6569
5241
9157
8399
3879
8865
1260
7112
4913
2596
1409
4283
9942
3113
3572
2598
9942
7130
2156
5094
293
7589
9444
4554
4210
1204
9861
5716
4107
5849
1922
9890
1366
8275
1779
3320
4684
4990
9705
8886
7568
8964
9031
1516
7593
943
9246
8686
2284
3508
3729
401
7783
9356
399
3251
3858
9251
339
2478
4149
5821
7741
3114
5974
6126
9678
2421
6577
2134
9113
480
7177
2580
5572
6586
2356
4098
5995
4454
483
9910
9713
2323
8647
4266
9720
5097
6768
9207
629
9881
113
8666
5275
6606
6881
8753
6824
1774
4688
1062
3320
9054
3970
4262
7947
255
1185
748
1156
7177
8164
808
345
9243
2148
7462
8950
9479
6977
376
6971
7657
3743
6952
604
829
3427
9756
3573
1691
6324
6862
6983
5962
8654
3900
1002
3739
7994
6804
7775
7966
5684
9020
1904
1017
8959
7239
6992
1133
3617
940
2771
9505
1411
4950
7862
4857
8897
6684
2340
1069
6764
101
5065
79
6032
3690
5236
4097
9212
9601
8818
2165
2811
1444
1272
9802
6439
2370
2194
8210
4399
1729
5525
8051
7418
8578
3299
8656
3157
5644
7636
1915
9272
1182
2913
9860
666
8248
9750
7699
6538
5096
661
1581
103
4412
8592
3689
5542
1545
7761
5707
636
7254
4353
3900
5690
6177
3439
1721
9537
1365
2970
1932
5850
7804
4944
1350
5366
4674
5551
5123
8127
9313
294
5973
9064
8370
5395
4491
7728
3325
6601
9043
2958
7437
5223
6847
4644
7796
5122
8150
57
4818
9233
1236
132
827
2974
1602
5587
2217
1073
7021
4192
5751
187
2573
1791
3924
4914
1042
3305
8324
6745
5919
1716
3944
7643
8058
2833
5777
3723
2753
6829
8792
3884
2794
7358
2760
3621
3658
8833
2572
3074
2974
2821
456
1316
1145
5082
6552
7501
3692
3822
2979
1359
4003
1272
3723
289
993
1948
1609
945
2436
140
2117
1242
6258
9035
6233
1698
2211
8877
2898
8814
6931
5643
3739
9737
4674
1640
9688
4744
2272
2408
2205
6851
8730
5796
6284
6881
1362
7591
1906
7190
4737
77
9480
3853
8937
7906
2379
6037
3232
3324
3682
6410
7286
2881
3726
496
7488
4396
7300
2823
4121
5278
3698
7461
9035
4056
380
4457
9874
5348
6040
7270
7431
2780
9837
14
2899
9778
4960
3336
6273
8093
6343
5769
2696
1774
5914
5484
8489
9789
7207
4194
297
3437
3634
9696
8174
4623
5422
2732
313
3364
8037
7302
5671
8203
7778
8442
8844
1473
1527
8498
7059
6129
7499
9430
990
3197
6124
1289
209
1730
2349
2330
2644
1038
9272
7421
5712
8682
9792
4881
2510
2678
9063
4104
890
9995
9178
7654
1497
7745
9021
9620
8175
1865
4829
8251
4070
201
6304
8693
6246
4406
8076
1281
3416
893
9856
4189
1933
4837
1238
2571
5753
4844
2309
9928
4428
1997
5255
6574
5693
8743
9608
3598
4254
493
6363
7426
1501
7118
1353
2274
5112
6314
2051
3298
4774
6579
8551
2982
1999
7065
1884
4090
5123
4663
1364
753
4088
648
7059
9571
5404
3015
744
5597
6228
8983
941
1152
5592
1860
2123
4470
7856
8287
3055
6610
4104
440
3518
5144
5316
1733
1060
6332
5601
3875
499
336
7534
7985
7270
7398
3522
2868
644
3325
7853
2567
5176
7309
6660
7533
7701
3019
5058
5378
7009
3761
8810
3094
6050
3529
3088
6691
5802
8116
9306
9033
4355
8070
1052
4464
1308
3403
6935
5420
3176
958
8700
7925
5049
7875
4101
1522
6096
3693
4733
5521
8740
8974
9032
1895
2352
2393
6285
1045
2838
616
3225
6120
3011
2622
4922
2063
4597
6121
7269
492
3321
8106
2022
616
4128
3267
5094
52
8821
5698
8338
1607
2724
8433
3909
6354
1482
5354
7358
2767
7240
8327
5575
222
8341
4725
1200
7791
2684
7083
1121
1146
4753
6137
6831
9136
4294
8104
437
5111
7931
7772
7489
8592
8663
5617
6708
6992
6234
2293
2620
7449
6807
4884
7081
5367
6218
3636
3417
1924
5954
8852
8816
6661
1650
7756
1016
3594
7042
2160
9721
7794
9448
3353
4963
3040
8735
2738
1405
8346
4089
9146
895
4632
5836
7202
863
9436
3815
8878
3182
2369
6511
2065
851
8964
9371
5255
851
7502
9281
5183
4617
6978
447
8060
7803
9351
9590
2506
7702
4455
6657
9468
5734
2997
2380
7860
8929
9151
2676
9299
3333
648
8084
8832
7565
8717
8563
894
9721
626
582
1231
9483
5485
8816
9475
8212
5466
2492
6089
1903
3591
7563
2323
6781
3485
6717
6561
1937
8674
2022
7646
6607
9138
7018
2176
2836
7243
3071
491
2493
2230
5721
7974
3735
172
3075
9189
4443
3711
6360
5168
7627
6429
4018
2832
5596
444
1452
6653
8856
2158
1475
2651
4206
5510
8897
1626
7237
6659
7447
4198
5956
9075
5787
9980
2837
7877
3671
4597
4767
2421
8596
9226
3809
3803
9489
4018
2015
277
1095
6026
9238
7296
4950
3133
7499
954
902
7778
1812
7484
4159
7037
927
1123
9837
6569
4298
561
2310
6761
8997
7063
1243
8642
6267
2832
2852
2795
5836
9286
320
4151
5638
4765
4880
3499
790
4882
5368
1856
2670
3949
4680
4694
6669
8113
8012
2027
3958
799
4429
5736
5183
2661
4484
416
6735
6700
1844
7172
2895
1477
7592
8642
2050
2653
1463
4018
5533
1743
8019
2876
2572
7636
944
6661
5829
4314
5742
325
4918
8263
1744
3202
61
6696
5033
1933
6637
3687
6887
9040
4251
1249
7331
8083
4423
3702
3796
4519
7139
863
2067
8178
284
2385
6964
1744
1765
800
8781
1887
6581
9355
9109
7659
2049
922
7247
7703
1625
4946
6450
9022
6019
724
674
3607
9437
1752
7149
4631
3895
1584
1248
7298
4167
8964
8357
8489
4973
1688
3766
1117
5641
7835
7620
9791
6078
6451
5287
3824
532
7476
7898
3619
6348
9547
9467
820
5244
250
9182
1072
5677
8817
4062
6264
644
2486
4891
4521
8702
6506
4493
2696
9403
9868
5156
3976
821
7283
6029
8166
4013
6005
1642
1695
3259
154
3618
4108
5569
2732
6138
2164
9594
8849
8759
3439
3280
8970
1151
6455
5085
1385
6464
7584
818
985
6741
7982
7021
3297
8825
2212
9216
8609
4458
5365
8308
7037
2512
4490
6483
615
1847
6163
929
1927
9097
5301
1420
2029
5041
9334
1674
714
6551
8596
1566
3864
154
3712
3269
2932
8596
2162
8472
4155
8239
9179
9051
1714
1436
1529
8424
2855
4427
7143
2134
6224
8482
7881
3193
5208
9752
3232
8229
3631
7652
6319
6400
4510
2084
3015
1588
9607
1417
8488
8284
9677
5804
2585
5977
5908
7062
8243
2862
438
1569
2703
9124
5630
6296
5251
438
1974
1007
9946
5239
8645
9814
2646
1466
3100
8514
8593
7624
1341
2806
9349
5006
839
5926
3354
3898
324
4204
4331
3157
7503
4250
6981
6208
5932
1462
4453
4005
8490
6419
6263
1094
4764
428
4034
2889
5467
5308
9785
3653
2970
1805
4630
5143
7927
3362
4402
5217
9712
1943
654
9797
76
7204
8677
9926
4378
8019
1911
1442
4116
6198
5874
3005
8735
7854
1067
9311
2718
8499
6512
1504
3845
5660
1701
630
2185
7180
6549
8491
1567
6512
9817
1644
811
2576
1477
9176
2071
3405
8360
3432
3323
5340
1210
5131
9442
9986
1525
9444
9470
1763
2701
2202
361
5396
9873
1935
2613
5103
1715
5842
8673
5743
8374
1500
6998
7429
1746
219
4044
7991
1884
4427
3552
6775
7737
5355
9001
8937
6942
2873
4778
3513
9286
4535
7530
3540
1624
4075
2772
2196
9809
8934
207
9589
918
502
229
5963
5815
8732
8732
4365
2218
4768
4100
6844
5568
2414
6757
6163
9820
310
1349
8870
658
2989
3654
663
7938
3622
8569
7595
7216
923
4184
8420
1662
3087
8800
5699
7500
6226
5686
7900
533
387
7306
427
9825
1501
7450
8550
8345
4963
652
8349
6277
1784
8683
4604
2738
2594
9910
8962
6675
2342
2452
356
2234
5348
9395
4342
4871
6132
217
6220
53
4301
3510
568
5689
8699
2760
5222
4378
3561
8018
3344
7831
4700
4949
8372
1714
1404
1642
2302
5234
1643
2881
9847
4434
3299
761
981
6538
541
3143
6645
5985
9067
7044
7948
9961
4757
7658
8470
5902
1053
6392
5048
9216
2324
7851
9406
6412
8474
6787
7297
5218
5965
3158
7972
7919
7711
8269
6920
7585
2745
9001
5354
1622
2662
1864
7820
5616
4297
6544
8850
7831
9478
2286
7786
286
3088
3444
4797
6281
4947
9937
8148
1489
8898
3790
9594
5196
629
2622
8405
9360
8109
7241
7526
5838
3939
1180
4321
2996
841
3129
4002
4038
3754
4968
3863
4647
9003
267
8546
5202
6987
9564
3160
9742
3485
7542
675
3534
4086
1446
5419
9762
1712
7357
2324
6225
6317
4515
2338
3888
8284
3603
1912
5333
8346
2164
8048
7797
8039
9551
9854
379
9541
8488
9143
4578
1949
7905
6628
199
6806
1183
7311
1194
2964
5408
3634
2682
8324
8768
7855
9414
1330
9702
6762
3147
1119
2745
2617
8720
9695
9378
973
6659
1004
4427
7135
4219
8340
62
4696
6893
2661
3463
3894
8360
5000
3776
4066
6941
7046
3439
4960
1747
4599
3696
1725
2197
2085
2866
3190
2890
4100
3902
6291
7157
2016
8888
2046
7482
1694
2954
7779
2920
9882
3075
3844
4361
4446
4637
8616
7799
3864
1240
4304
7103
5199
7767
8472
3443
9135
8408
5602
118
4945
1637
6207
6300
3441
1354
8638
5980
3767
8259
3763
8914
8666
9746
4719
7117
420
6832
5570
2717
2118
659
6902
9904
4426
9878
8116
8780
8995
3335
2283
4001
1190
6672
6588
3727
7584
3373
3526
2941
2799
9424
3882
9517
6499
1708
5909
364
2931
9245
2983
9362
3349
7913
4441
345
7206
1711
3222
6121
936
4155
1683
4398
3051
4895
6161
3976
7020
7867
5986
3200
7308
2938
39
8946
8030
9016
2074
2507
6709
6790
1287
8715
5020
5913
7821
4381
3236
6764
6201
5292
2391
8013
4458
4917
8650
7666
7471
9487
926
5264
2988
994
7856
508
4514
4733
8803
1242
561
6117
1635
2550
3900
8772
7395
9340
9372
3273
3913
8912
4794
5260
3977
3264
438
2687
1058
8688
7372
8249
5184
2215
9140
1933
6082
4695
1791
7100
3535
4997
2378
9336
4449
687
5316
2560
8659
6159
6933
8094
7032
1876
3882
1391
5379
4199
6356
2104
5668
3981
5600
2701
4531
7739
3279
6701
1352
8716
2741
3423
8757
3280
5935
2050
8342
5586
15
7401
8045
8264
2432
7814
8
6418
7706
8699
8917
28
7141
754
9133
2360
5636
5621
1000
5997
8893
3885
8318
9210
9643
882
9037
4974
5997
5762
5637
5120
1063
1138
9459
6291
8629
4532
5864
2360
8579
7766
4546
5992
6801
6062
9926
4668
8490
3744
1541
7728
5731
7643
5984
9686
7086
8199
8736
6481
3471
3788
3296
566
5288
1605
1430
517
1684
2135
7967
5076
8835
616
6122
8320
7945
703
5997
7502
5117
5930
9189
7202
3408
7810
5559
8215
76
7807
9671
4232
7728
9108
9737
6558
3826
3447
837
7056
2296
1163
8810
7819
2975
7557
521
2681
737
4208
852
8716
3017
9093
1564
3017
7930
9320
6784
6378
1011
8266
4756
1992
5055
8670
3112
8501
1600
2712
2099
4636
1807
1502
3167
2078
4262
2636
9445
7686
9491
2142
2738
2864
1366
640
4768
1044
8409
9409
7249
2435
660
3194
5721
2718
2079
3753
9161
5802
2197
5026
2806
293
6525
5799
3010
1269
321
149
8556
7939
1972
3260
4758
9657
5419
671
2229
8317
2812
4707
9964
3919
1830
4826
3185
1381
9779
5622
1300
8534
4842
4664
589
9822
5870
1602
8576
6596
7698
5188
6300
1998
1856
8565
5561
6262
4186
9868
1395
9908
9068
2194
1445
500
5338
7892
8013
7888
6693
9157
4227
3212
8692
3575
3204
9302
1713
964
8503
2772
6261
9185
7305
5090
457
5345
6653
6974
5215
5255
3273
2965
1887
4059
5740
5135
8210
5533
9066
5105
4150
4530
9896
2959
2927
2459
6997
1784
1712
1162
8822
9167
4301
9718
5252
6495
5742
6027
4689
4030
9065
9269
9807
1664
2770
4266
9052
7562
3998
5172
3540
4289
7196
6663
7650
7078
9130
3518
8589
6921
9353
716
5380
7076
139
3146
5032
2044
4547
3166
4296
9982
731
6190
7320
3043
4179
3282
7500
116
5155
3304
3928
2854
8705
3115
8695
6731
1933
5256
514
6587
4570
4927
1905
9299
2895
1328
984
5411
541
7430
4580
943
1097
9856
6118
9436
6544
3565
8613
4503
2957
8228
374
75
6599
3864
4131
2770
5143
6149
5552
380
5972
1220
3058
5646
2198
1727
3679
629
9688
8437
3279
4863
3192
3685
2611
9154
382
2374
3041
8743
2510
9450
4605
4264
3983
7644
7922
9717
1394
4508
6678
8497
5585
5286
2199
7377
5641
8487
3154
6272
7133
4700
1862
4164
6816
6436
2541
6340
4600
9962
4706
5937
5778
1516
8318
5329
2351
6590
2391
13
2934
7808
7440
4292
7495
6981
1593
135
2040
8868
5312
9883
5209
3594
4498
2791
1388
2855
8090
2444
5810
3585
6074
6622
2467
2434
4836
7347
4146
2872
1459
8733
7554
6821
9046
4611
1907
8302
8630
3104
7356
3154
3725
1811
9977
96
6199
8522
8473
3399
4185
8280
5475
3822
7934
9833
6487
4343
2450
8250
8619
3285
6357
8697
6408
113
44
1581
3459
9609
1432
2579
8987
6014
9169
1352
259
1487
1400
5818
3746
3494
4850
269
2034
6618
14
2752
3704
5425
5822
4592
3979
7824
9898
5583
6723
3098
6763
8823
93
9953
6776
5967
6308
6697
5606
9844
9890
9301
9446
5528
292
5577
9371
7830
3721
8337
9013
8649
7113
750
410
6414
2586
2760
4990
8335
4195
9762
7031
7110
7563
7979
950
9753
7493
4542
2601
6019
1607
2053
1759
7808
4626
1430
7301
7880
318
3482
5661
6070
59
3167
6262
1868
1799
9207
2102
1952
9540
6926
6886
9892
2161
3782
2275
6758
7428
1816
4326
1803
5614
3794
2721
4886
4461
5176
8528
3930
1185
5209
7355
8018
7629
5266
8655
2686
8856
3406
4932
8390
3080
5982
4748
7594
5369
1462
823
8787
9212
5282
3302
3662
8813
7027
3062
9685
9325
1129
838
7099
9702
3141
3292
3541
5576
7165
1053
7170
1056
1042
951
3616
860
5492
811
5350
3552
1784
3504
6244
2169
5245
9307
1781
8724
8025
2053
9743
7035
109
8638
2850
3314
8784
3136
9628
984
3888
5657
936
5272
2791
7154
4837
6413
9070
1128
7420
5791
2510
3528
9811
8237
8179
9454
9080
1091
7493
2791
5206
4453
7534
1023
1994
2930
1830
9705
8923
7955
2608
8472
2056
1496
2695
9299
4996
9449
3416
8685
2217
781
4622
77
4935
2992
6285
2059
3799
9762
3897
419
147
7508
8229
819
710
5248
4004
1872
3788
7778
842
711
2805
55
2348
6740
8265
2200
5551
4187
1261
4496
8007
8856
1286
3634
9802
3064
1288
3779
6594
5389
968
3035
4326
9714
2761
1252
2806
7404
7660
9575
5761
9688
9414
7371
2049
9291
1134
4116
7529
1821
1379
4106
6915
842
5856
6035
6963
8067
1016
7625
97
8358
8769
6024
4477
2421
7228
4468
2562
5926
7459
4262
3289
9641
4818
9575
7180
9833
3746
9218
1168
4550
7981
4858
7874
7176
363
7546
1905
7751
1195
113
5939
3341
886
5965
4594
6800
4791
35
6830
9396
6140
801
9998
8843
291
1691
1793
8731
4128
3765
6556
7457
4565
8461
2911
5832
6501
2874
8857
3628
6960
1668
4334
9895
5915
7071
9965
3168
6152
1057
5989
7596
1632
7910
1669
6723
5503
5997
4605
4656
9129
171
1222
3557
229
2884
584
8267
1257
8450
9699
6245
3510
6573
7054
1124
6404
2036
5566
9728
520
8518
6324
6387
2351
2850
5863
7591
2442
3667
97
7295
8358
7499
494
3425
5053
5834
5855
1839
5418
6735
4569
8381
3978
7362
8325
3561
3197
9762
193
4116
3080
4850
348
2976
332
361
7901
7955
1845
3118
4772
2818
8941
9499
461
7484
8383
2993
3717
1784
2653
6309
2440
3345
6782
3767
8763
2458
7368
4677
5836
5531
5425
2235
5471
9786
8188
806
2579
5735
6451
4372
3106
5879
2695
1024
8146
7301
7936
1479
2957
4777
7159
5953
7958
5175
6117
349
729
8609
5430
3281
5909
1306
946
4799
2415
6123
5448
204
2560
1255
2192
7999
7352
980
1689
905
248
2881
1699
928
4204
4091
8118
8881
9475
7476
6480
3888
8236
9496
7133
1156
1624
1868
5200
2395
5969
9711
9223
6287
5317
6852
1274
5960
8229
586
3356
6247
5697
2491
669
4989
8344
9224
909
5014
3980
4505
1722
9424
4531
9612
7165
7445
8768
9980
8115
127
8733
7837
9148
1265
8739
5239
4976
2666
9701
2901
923
9122
1822
9494
2701
677
8772
7391
6783
1418
3131
1692
304
9772
1260
1206
5367
5435
591
2465
1633
8709
8206
6689
5615
7818
9671
3816
9237
7646
5524
9278
4575
2138
5248
3070
4757
6051
8393
9733
3547
9146
6960
1420
3836
2171
8515
4423
7772
7901
20
8402
9485
5496
5607
5688
8338
5395
2864
3529
2448
3300
612
694
6424
7666
3658
9451
9200
7578
4561
8433
7482
4137
7751
4784
7462
1251
4966
2341
3869
2140
1902
8460
3048
8319
8084
3838
1722
3270
6626
2989
2357
4189
5985
1603
935
6003
6896
260
538
1604
933
32
9714
6810
7633
3725
6932
2115
3130
7930
5670
7078
4956
6728
2866
3661
6725
5280
624
8968
582
6572
2318
1423
3056
3811
1500
9888
1633
2911
2840
7508
7863
5873
4834
9491
5773
5899
1710
4181
5489
3233
7791
6073
8737
8954
1270
9029
3447
8129
4652
2732
3342
7669
9060
6950
3750
2945
9762
8470
7914
8207
2759
4978
5092
1139
4799
950
1108
136
2867
1510
5888
9920
68
2799
7991
4193
9623
1868
6110
2247
2017
5321
734
2632
8800
9248
4923
7140
5830
3384
3589
3971
4725
2443
4795
4677
8484
6305
9487
9611
9543
7011
6560
1485
2844
1580
182
9998
5284
3061
6370
1845
3887
9335
2051
9168
266
6200
4028
1010
7225
8686
6141
3903
3768
4270
4400
4734
4276
8054
619
7733
1173
7111
6154
9847
3218
9858
5813
4860
5160
4327
574
4824
6159
4341
9361
6809
8829
3370
9973
1551
376
3483
9130
3609
8941
2630
5542
1270
1043
5148
2922
9575
9757
4413
8919
2827
3279
5253
1172
5289
6642
632
7813
3756
9647
9448
2766
6780
4582
896
4338
8547
924
4696
9343
6002
7505
8754
2477
5528
4714
9846
6545
3514
8963
4687
7989
628
1742
7807
4886
9081
6730
2583
1619
6419
3670
9857
4269
7141
4302
7881
8834
9400
9415
402
2940
1086
7474
1511
6647
8473
7490
3010
6313
1467
4138
7038
3641
7413
4663
7293
1838
2091
9845
5332
1036
3525
5416
151
982
7435
9310
9001
625
7268
3122
3088
2084
558
251
1796
4744
6760
8542
4914
622
647
5444
8459
3986
3644
2139
2735
3159
6732
3172
6174
6581
6622
9428
3962
9357
5866
4205
6630
8296
6585
9222
2931
5921
1868
5912
6938
6036
951
781
221
6847
7600
5041
5170
8740
2593
3426
3990
8672
9364
9139
906
1115
6126
963
2436
3775
6589
2595
6651
2380
3906
7615
2274
4621
8835
7332
9310
8368
8086
4758
7655
327
3191
1365
7954
422
6253
6101
7337
9432
9226
2745
9278
9934
5864
5014
652
7829
1915
5865
7960
3315
3698
8913
7211
4733
8059
9431
6869
7885
8506
3502
6422
1311
5877
4938
3042
5158
6660
7125
2016
1822
2198
5167
8431
727
7524
9729
5113
8015
7576
7254
7076
1667
9992
6667
2945
2924
9671
346
6289
941
4918
3841
7475
6028
4377
1454
8683
2957
4658
5411
9830
8211
1584
7105
3861
1454
9986
7874
3701
928
7108
477
5812
3941
637
463
7457
1405
6698
4933
9323
646
5916
138
7529
8647
4815
7102
3691
9723
282
342
8677
7093
5796
2678
4549
4673
7864
2229
3924
4182
6352
4435
9676
5301
3657
6917
732
7084
6218
7051
5764
9094
120
107
7882
7697
9361
2192
2037
7193
1259
2966
429
9115
2302
1584
6699
9171
7012
255
1202
6463
1052
9981
8894
5144
9199
2476
3595
5549
4143
9407
4582
6075
1784
8412
6064
1614
6673
8297
4000
6365
4961
1802
8464
429
7418
8424
3754
3944
3059
2629
9194
9200
4708
9806
3892
916
5618
9877
7769
4788
8031
2777
1532
1269
6122
3262
9195
9940
6680
5246
9655
4926
8944
3492
1009
5237
18
3211
6025
8063
5456
2014
265
3109
6434
8206
3647
5514
1180
1353
6009
4055
2695
6021
7175
9855
8266
4815
1266
9777
9386
924
7384
6709
735
1338
8831
2182
2556
8043
9347
101
5896
6222
2730
7813
422
6104
9675
6291
8136
5180
9445
2367
2357
3047
1613
5797
5276
8177
9191
4159
7921
9754
6738
7403
7414
8397
6816
5085
7198
8858
1902
3529
1141
1117
3419
5962
3277
9649
4844
3813
1087
1498
3352
1605
9829
7491
7085
7389
6518
5997
5311
9660
5570
5491
1921
3383
2384
6425
3010
5949
7516
5017
1704
8949
6427
5743
1502
8267
4882
9250
2348
9994
2557
3961
2650
7246
5892
5338
1114
3298
1538
1384
1903
8156
1520
5246
2330
7010
1343
9223
6222
4928
7733
7703
2424
7669
178
9039
7170
6764
502
9255
6999
3943
2606
9186
4508
8076
57
5794
9211
4686
8413
271
3382
1698
9622
5583
8490
4732
8162
1184
5067
4963
1364
4834
4551
957
2713
5594
9938
9734
5386
4373
2424
9629
668
2673
6428
50
413
8333
2788
151
2884
3279
2533
9576
1674
9819
5377
2543
4623
678
5763
3201
1327
1459
4323
4967
5173
5155
8386
2194
4014
5075
8575
4637
4504
649
465
3574
6170
3200
8816
4564
1011
1999
7813
9237
5669
5124
2480
7655
5691
4284
9228
5218
8820
5831
339
4465
2964
7859
3727
1427
3363
8462
4192
4119
8403
5655
1968
5229
388
1072
2875
3937
8231
2934
9872
615
8148
8750
4273
3511
187
533
8680
86
5570
2091
1290
951
7240
3535
2741
5375
1332
2677
6773
2151
1953
8470
9515
1565
4807
3726
228
7061
2166
9332
5227
2148
5286
5427
1801
9141
8398
4291
4884
2814
4924
1807
5405
9164
1616
4676
986
3905
9186
2446
6829
8483
8903
5502
5876
9971
8924
1418
4837
9689
7453
9915
997
981
479
4502
8457
827
5509
2623
2287
1561
6102
3177
1128
7745
4810
2627
412
9008
1738
4816
3850
6133
4579
6739
6562
9361
1180
5752
7495
712
9773
7277
9643
3033
7902
4663
6885
1391
9535
5537
7547
3460
9522
4284
1650
7548
8354
8922
2679
342
8028
9617
1274
1217
2903
4205
5372
6424
5606
1282
593
3645
3759
6452
7668
690
9529
3752
1800
7928
3119
524
7477
9880
8900
8644
4972
3130
6379
6589
1841
6660
6796
9196
7723
8592
6218
1949
3340
1114
4975
9701
6446
7033
8110
8404
288
7875
1320
3852
7919
4236
6911
3098
3603
1987
255
9357
5860
4700
5697
5725
6940
1405
9459
8593
172
1839
1461
4359
7330
79
8085
4702
3905
5819
7887
7131
8196
5584
9376
9944
7541
2556
7692
6997
3327
1668
8827
9114
5950
9942
5990
8961
8228
1623
832
309
1422
8964
3853
788
6091
2633
338
7227
1500
8427
9175
5553
9292
5032
1104
2270
903
1356
4328
3406
8877
4394
9420
2444
8923
5685
8333
1143
3451
1068
2705
2934
8170
2137
7857
4747
6717
5501
2607
8040
18
4085
302
6382
7149
2284
6487
3061
4559
1610
3484
5233
3988
2493
7910
1200
9707
8986
219
6689
8712
8264
1901
976
2629
7539
4119
3992
3515
3641
5729
6196
6466
2317
800
7204
4696
6039
4666
6003
2769
6685
8558
8549
4433
189
3305
925
2216
4311
74
5647
9954
8629
5151
2193
9388
2639
4014
7404
8991
3616
1687
106
3411
5055
5304
9682
2606
7504
1284
4788
898
8046
6482
8170
6783
2046
2699
28
186
3527
9597
8503
7657
7675
860
8845
55
5447
5615
2269
6941
8842
1774
9021
3336
573
5670
3684
5224
6521
3368
4104
8259
1585
3996
4104
4434
381
7319
6134
1854
1609
9558
1977
1275
5005
7371
2467
5515
1610
7835
9608
1110
2035
6324
2820
8450
9320
4075
740
2075
7840
4434
5696
504
1755
5746
8961
9022
9782
7858
8411
8537
6342
6836
9411
7816
8103
6097
8518
8020
7431
4585
3700
2556
215
6979
6098
2213
9660
4434
6611
5965
9297
6596
7050
4282
7002
503
8257
3029
4319
4891
3147
853
6315
2479
8550
8270
4270
5602
6507
9623
9598
9163
1258
6761
2460
9741
8523
1853
1581
6819
1977
4093
2548
5911
3503
2660
7510
4717
2363
3560
7702
7744
1750
1868
3837
7953
6993
163
1225
268
6121
4033
8335
1416
3635
5230
5640
2064
3613
4881
3795
6427
3764
4283
3159
665
1689
3903
2461
7858
1246
1795
4778
676
7286
1699
3839
2085
2415
8127
4044
7090
4723
6419
8906
3987
154
260
1563
5974
7066
9154
6355
5028
9045
7354
5290
1814
9701
526
2320
4487
7167
8305
7816
7490
2641
5196
1257
2008
4556
1735
4334
8348
8659
4916
3462
2949
8469
7943
893
1234
1225
4239
2636
231
8626
1393
3546
5415
4304
7973
471
6156
1887
2749
4018
835
5085
602
104
7728
882
7427
2938
3345
3401
6679
9923
1407
5103
1513
2319
3851
6600
4947
4490
6194
9278
4447
5594
5516
2298
2447
3202
832
4708
3090
5100
4791
9574
5789
1975
6833
9792
1972
8626
2799
6852
5112
140
7369
7358
6915
7164
1126
9022
7207
3283
2136
6738
8995
1396
1309
598
1458
7515
347
7900
3395
2666
3259
6364
1474
6871
9909
7113
3086
9154
258
9231
9868
346
1131
157
5792
7716
4723
1429
7778
3226
7148
5792
6090
2296
5952
15
7860
3147
5386
9655
180
4113
2697
7981
7550
1626
5695
8198
1021
7448
5965
1736
1455
2245
2958
3716
9287
777
9967
6674
2540
8028
215
558
4666
1202
1221
9122
4956
5271
5766
2586
1455
3768
1557
2890
8940
7710
2845
2558
2003
7684
4188
4253
5014
8436
9324
7030
5503
8762
4721
7743
4300
442
8890
2827
2218
2357
70
3972
7507
9947
2688
3353
45
7295
1878
1388
1805
3475
9534
7791
4317
4339
955
8882
4086
7134
2460
9379
5383
589
5885
8295
6427
8396
6823
9980
4778
3546
1345
9833
5036
1857
6280
8971
9221
1309
8023
6369
7959
686
9336
7529
4557
8109
7082
8856
3720
9717
4091
1013
7780
5077
3128
6484
118
7600
2330
3775
1690
7590
1991
3709
9994
2091
8502
2247
551
4616
915
4189
8527
8862
4801
2718
7141
7184
1917
7054
323
3382
7960
4142
7432
7149
1703
7661
2397
8780
6539
7504
3728
8590
1314
9692
9740
8237
1993
619
962
1321
1458
4167
7774
9493
5645
2407
2233
714
3273
5152
7425
7432
2598
9414
4339
1425
8089
955
8176
5915
4928
1653
8683
3339
6185
6750
8861
5326
1989
6565
6164
1538
9993
5606
2420
5264
408
9418
4567
25
9448
8713
7328
8781
9717
92
5958
79
4076
2624
6484
2843
9364
8724
8416
1014
5658
6746
7162
7592
2518
5256
1412
1076
2399
5395
6832
6363
9434
5421
7594
4798
7188
6874
1218
910
9500
5518
6501
3386
2118
1075
4750
9769
9292
9631
7919
5323
2131
1243
1550
3086
4441
6261
6176
6792
3451
2233
4605
1565
4488
4064
7905
8590
9945
9062
8154
1747
6857
2261
4575
7335
8328
3299
5661
2920
8086
545
162
1561
9688
9593
4394
4255
3499
9247
5988
7899
4284
5888
1804
4325
9434
7149
7759
5589
7608
2629
2839
3280
9232
3101
5255
6206
8123
7825
1412
3037
7517
6987
1770
8871
868
6432
8719
6576
1503
6408
3677
6016
7821
7138
9814
1067
1670
2339
6765
3163
7534
7345
964
7080
4449
2494
8251
8473
197
786
5213
7255
3351
1568
1380
9531
3963
2528
5017
3951
5237
938
7833
379
6017
5027
3458
9660
4067
5975
1935
2434
2789
6058
707
561
7367
7568
3839
4702
1611
3071
2828
5167
8206
3046
9363
637
7665
5995
6716
3344
8847
4056
9529
3276
8345
7237
9790
6209
4324
5612
5150
7636
27
3467
9273
3958
6501
5027
8351
8989
3626
5935
3732
7371
9253
7963
12
4057
2517
3545
6463
9200
686
9660
3678
3319
7402
5805
9280
4159
1076
3141
7586
3885
9162
6353
1551
2525
5163
3073
6202
2202
3207
2522
5289
1022
6633
6318
2455
4159
4108
9570
5520
9206
9024
1250
2534
1734
4657
5158
7104
3826
9657
6021
2512
3632
6758
2049
3418
3518
7584
2732
8363
2351
9839
9830
7899
1860
3111
2430
5669
2339
6649
1800
189
4208
4061
6282
4021
8913
2116
1367
397
8819
4075
9159
7584
2808
7181
9154
7219
9549
8348
5634
1226
5833
9157
3786
4753
4614
2461
3217
2848
1169
6920
3746
8864
3690
2462
7427
9560
2610
1080
9508
3086
7759
8751
3057
5845
4507
1466
4097
9165
799
6287
11
405
7469
7379
2068
2015
5941
5453
9481
369
4621
9460
9832
7191
9975
7660
6712
5173
6731
4448
8933
2512
6290
1003
4160
8199
4352
8653
6112
3665
2877
3951
1889
2594
9034
7189
2109
3362
2327
1855
1569
6084
4784
3191
923
6261
6972
6181
580
3346
362
5721
1845
8749
7052
6152
3540
4854
4751
6491
2814
3270
2746
873
5644
4434
9030
9486
824
12
3920
5867
5577
5654
1813
8285
4147
5246
3610
6525
1019
1858
1948
1458
9824
7119
3340
3312
4747
7490
2255
8711
1058
5399
5298
5769
5704
7293
2159
677
2400
3867
8014
2704
8865
151
6043
433
1023
9431
1960
4465
8606
2118
6997
5715
3611
1236
291
3178
7785
9173
3890
8169
8545
2664
3838
724
2882
6137
8873
1996
9440
1660
9202
9066
8963
2541
5300
4171
6331
1193
2184
4754
9824
5665
5874
7673
9653
152
6864
3699
5335
5676
3484
7581
3386
4360
6977
4891
7201
9162
6035
3898
2016
8096
1567
8307
723
9418
2231
4232
2844
6699
1473
5769
750
6633
927
4152
2898
1564
3719
7462
6326
6664
7364
4850
1244
8907
1718
4469
6619
5597
1754
8564
1609
2658
8977
679
8931
7374
4670
235
5219
7827
9776
8433
7643
4682
988
995
6914
9459
3093
6560
8795
6954
6744
3338
7632
5154
1659
626
8569
8239
9117
291
7401
4702
5859
451
4235
3818
8190
4031
4982
4758
5700
5114
6308
3345
1206
2583
716
3135
112
3283
9114
9733
5334
9133
2094
3767
9834
9392
8257
9989
523
2341
617
2943
4541
7565
3569
2661
3807
9824
8489
4350
4778
9684
8197
7211
6069
7525
5247
9036
8383
9201
4206
2969
4838
792
2484
734
1769
9089
3735
6183
7956
6917
8378
8877
6178
7135
1175
1439
9937
813
7978
5562
7617
8043
404
1502
2887
117
9645
7033
6442
7309
8719
2427
6403
6030
3339
1025
8286
5531
8423
5658
136
8917
5372
9462
2636
3038
4554
8014
9907
2727
2533
91
8669
7641
6418
8506
9949
1240
5914
6372
5862
1694
9901
8553
2191
2386
6691
1117
9873
7295
2854
6805
904
3194
8940
5642
2404
552
1533
8170
6519
3262
7719
3640
1126
7605
2618
6410
5627
1196
7633
9716
8901
4823
854
1875
9394
5653
7570
9514
3761
3580
9531
7647
2054
9120
3558
6959
4139
2628
7654
2462
4680
9273
3155
6531
7972
4498
5622
7399
4317
8094
8103
9506
1178
2072
8813
8665
1366
3956
92
649
8193
8103
5078
4933
7313
6793
2528
2637
2724
9041
6317
8886
1567
4237
4676
9357
3035
3138
8712
3600
9677
8107
6118
275
3883
7064
3805
1620
1777
5139
6048
1872
2845
7606
7629
3011
1719
4642
6908
1382
3439
4060
6758
5767
8935
4470
5008
9599
87
4157
7755
5604
914
3339
5245
278
3330
7528
7551
2523
2941
8095
6794
2380
659
9614
5195
7268
2212
8971
4316
3761
4981
4772
7068
6855
8249
401
7363
2137
6815
2756
8240
8622
6525
9748
6462
1591
9858
4076
9628
5300
7314
9942
8963
5473
9843
6881
5355
522
6177
7697
4383
6759
591
9684
9768
3617
7538
83
122
418
2167
9110
5208
7399
349
5260
1117
3738
4196
4321
8049
9457
7453
2497
3439
2709
2606
3150
4089
4348
3961
5455
698
610
6124
6059
8055
9783
1919
9611
3283
1415
8590
184
6983
4637
1698
9531
340
6753
5610
77
4795
4914
4166
5
6082
1215
5556
303
9015
6522
3691
5447
9401
6599
6407
429
2740
9605
9497
6943
4375
4013
7177
1538
4095
5037
9692
9233
1776
4552
2274
5750
7796
9782
5382
7726
402
434
3267
9281
5553
5287
220
8186
8509
4602
8700
9134
7638
143
4620
2779
7130
4758
2938
4869
5071
4216
53
2703
3852
2555
3196
211
1856
6425
4264
1069
7273
1604
3037
5900
3604
686
2072
578
7546
6701
5099
73
9520
241
512
3972
4508
7701
444
978
1208
7693
3978
8232
5850
658
3537
9027
1090
3136
335
5907
797
3937
7209
9478
962
7582
6973
6252
2035
4575
3321
3260
3234
1721
5385
6265
6073
4067
5431
8753
2525
6735
3959
2490
6282
7341
841
3451
5640
3780
1034
9950
6996
458
5252
2401
3312
2288
4225
5809
1321
5747
2549
6219
3441
5918
8847
2603
2496
8680
4073
6690
9205
3573
3420
1883
9529
1134
4661
7063
2657
559
2961
8810
533
3638
2607
8349
3389
7913
7853
386
1633
2697
5164
7802
3162
5826
272
5215
1101
493
8217
6891
61
8506
5715
9304
8777
7430
8669
8773
6022
9072
6542
3553
7194
3979
3504
9077
8479
702
718
2232
9751
8958
1066
8362
4613
6248
1562
8845
7177
4002
8042
8484
6409
6183
7850
2907
9724
9380
4787
5619
3324
4384
2409
7444
9923
9814
8983
2118
5648
6806
2180
3105
3712
8396
7761
3151
977
8915
8359
4666
3456
1972
554
9668
6861
7378
8208
2166
6841
9638
9268
6212
7296
2771
7600
6062
960
2243
9591
1692
4475
5134
2832
6868
1312
4725
6166
8889
9767
8821
4815
5713
8008
1789
1834
6581
4185
2249
265
1459
2731
3604
4758
5649
3226
7378
5217
7801
2494
8687
6049
266
3334
2378
7691
5659
4819
9945
4173
5611
9750
5246
6330
7607
4059
4466
5986
2655
5303
5450
741
8841
5220
541
6195
7928
3499
8532
7893
9642
3653
7645
1085
8133
3751
1180
1033
1503
8896
1335
5834
2802
6076
9438
5748
4461
9750
5908
9765
2400
9965
3364
4913
1482
2277
2593
6965
7062
3526
537
5390
6558
3585
979
9575
8465
8473
828
5977
968
5946
2573
9121
3768
1316
9908
750
4904
7805
1797
5516
6548
875
8880
8634
5804
7270
8929
8115
2314
2147
7171
4213
1895
582
5650
4395
7737
6320
6816
7200
5690
3700
4445
2935
4600
1007
2320
1833
5113
6712
5826
7623
693
4386
6297
7394
1703
3156
4081
3023
2802
6108
1449
2262
7522
6183
809
7533
147
9574
1538
8242
8907
9967
6560
8125
3662
9507
4726
3077
5577
968
8265
4026
9592
7027
6476
9712
7827
8546
3891
4832
4221
9213
4373
6070
4142
6235
6790
4582
146
5294
7453
2425
8240
4056
4441
5653
9391
5160
4648
3389
634
2901
1317
7901
4777
9225
7652
5564
5794
5698
2692
8802
9517
9017
6500
5785
5395
2366
6992
7411
7485
6594
9491
2889
1782
7439
2338
1668
6892
5440
7037
6421
6622
1115
5596
6115
8401
921
7358
4699
400
3793
3707
2945
2598
6538
2846
5234
3739
320
8925
5675
3336
7241
1747
550
4182
7734
531
8847
9737
4675
4840
2720
6706
6592
3654
8475
80
5228
1315
1467
9754
2161
3522
5568
9144
6669
8621
5583
8448
3115
7896
1205
457
7472
4426
9142
8468
3756
2769
3395
4460
32
5579
9697
516
4615
7208
2625
2601
3132
9561
4139
5454
988
4847
2343
5954
4716
4126
7412
8213
7398
9980
8368
1639
4554
4919
7122
3525
7125
272
1395
6898
4477
8931
8383
9163
4118
6801
9277
5969
2749
5157
5154
6856
6
7635
415
8413
8129
3161
6273
8998
2562
1223
7995
3099
9397
9509
554
4948
2378
2726
6881
6404
2250
2328
8730
3012
4880
4682
8654
9201
5468
1227
9603
2734
8220
5201
1064
5761
4846
7926
6613
5870
2078
4155
1326
2820
9505
92
1747
5210
352
5207
3395
47
4625
4260
1117
6467
3444
456
8745
5941
6173
4029
2372
9078
9344
1708
846
384
1899
9390
6657
3959
806
2029
958
1557
950
8927
8203
5366
298
4942
9241
1055
6979
9617
5303
8845
6311
3047
9982
5637
4266
3381
3598
6957
4650
3466
352
8492
5897
4506
5590
5781
8125
5139
5508
9157
3191
6897
8963
1760
2884
5244
1818
2586
7038
9686
5632
403
1420
3369
8640
228
4565
4651
7070
3893
1200
8659
2529
6329
683
6832
3820
4509
6148
4844
5291
1898
6072
3006
6030
9283
9083
4491
7681
3846
6133
546
1811
8664
7955
6781
8144
5640
3579
8492
3086
9886
2606
9765
9883
6850
559
7284
2722
62
6269
1675
1094
4874
4742
5581
9250
2767
9418
9712
6936
9049
1428
2818
785
9870
2778
185
2297
2832
4448
5653
4009
6214
7700
432
3540
4884
7872
9113
5513
6160
1382
4521
3671
3409
4827
3456
9741
881
9666
8688
8599
7534
8012
1218
6702
5179
1581
7822
8156
5555
5764
4027
750
533
7019
5500
3921
3229
7747
4300
7993
9149
9240
7314
5028
2919
7659
8493
9698
9479
3310
961
3040
4951
2718
7598
9533
9328
6706
4049
1348
1699
7959
3287
5173
7004
6619
4713
8880
9173
3343
9345
2747
2422
8972
433
716
1451
5163
4140
4461
8485
4612
3738
8929
8761
8891
4610
513
1601
3723
3360
1476
3941
9798
7319
7226
1071
2012
9183
8322
5489
48
5383
7542
8984
1651
5017
4053
208
6969
5703
3239
3550
3097
8345
976
1656
1627
5787
2964
1973
444
3949
1381
5233
2805
1644
11
3120
7869
7065
5349
767
3914
1656
2690
3926
1605
5
3122
899
6979
1709
6688
8880
3905
3373
1114
2707
4845
8748
4622
3
2185
1157
6121
7293
2646
1038
4814
2798
2161
32
1980
3656
5803
4634
7614
1982
7894
1554
8559
6581
8981
5368
9535
2659
682
5061
9678
3796
759
2076
8874
7729
9130
794
4070
7916
5037
1986
2015
3175
9865
9831
932
65
5321
4903
5389
153
7850
8544
1230
6420
330
1799
6796
8072
5433
1479
4459
2817
7082
8739
4414
2804
9276
8575
2302
206
5284
1993
864
5107
6173
1331
1387
6804
1242
4906
2711
8087
6967
203
7436
6145
4766
9454
2918
8971
7796
8291
6338
3578
8015
2598
1455
8194
6807
7247
4184
3955
6587
632
2542
234
3226
6370
8504
2477
4109
5248
2870
7025
5683
823
8633
3166
4725
2693
4331
9432
6757
5165
8884
2906
2375
9725
2839
2754
7089
2865
3054
9159
9774
7798
3805
8681
8142
2124
5495
3717
7145
6312
2634
4078
6308
6843
8480
2700
1795
6662
2314
7777
6581
6192
8903
5463
9569
851
2778
8594
2577
3148
8995
7248
2081
6912
9733
9277
3061
307
9001
463
9789
9350
5544
5878
6605
8546
5778
4399
8355
8557
3372
3620
3926
6341
798
483
3579
9114
329
4137
2755
5126
2108
9023
8420
8048
8975
6283
712
3347
4465
6746
1208
2363
3454
3326
8007
1255
5576
2834
4003
2633
9423
1218
690
6366
2302
3576
2515
1870
5329
6287
2818
5819
7162
2231
8163
6171
4405
9366
4682
864
5398
1672
1251
4219
8459
4429
6963
916
3818
1623
6721
2712
1055
6907
3686
8131
5978
2659
5728
4949
5361
2129
41
2843
489
3004
8873
5151
9146
6168
8688
9600
4275
5020
2861
2491
9444
3071
7094
2376
3245
2319
8082
7055
417
753
5484
7845
7740
8347
466
7699
4654
2362
3634
630
6535
7807
7371
7566
6877
6522
6380
4585
5887
5970
9549
2044
375
4056
71
3853
1682
2584
3212
2873
3618
6160
1953
737
2180
5264
5601
9941
6842
4434
4096
9798
9471
1396
9361
1276
9128
8541
1214
553
5351
4663
867
6388
8227
4718
8574
5115
4478
1790
4808
9578
272
7379
1000
8085
9974
4674
9048
7274
1828
5876
682
1790
4414
8675
3278
5855
6047
2559
3824
6763
2360
8836
4325
9796
2360
8252
703
8561
610
8965
9918
313
2263
654
1098
4311
9412
6041
993
6583
3783
6849
372
2524
9588
6033
3002
8785
2024
215
9491
9741
1352
1193
4225
37
2838
4894
358
82
5988
7963
3178
3768
5480
7422
8045
5617
6102
6459
4821
4197
6100
8678
3128
1191
7195
9526
3762
7377
5628
3753
4088
3028
7406
7756
8459
5844
9643
3977
8636
3588
6892
5578
1482
4465
2245
4074
8091
2163
4116
9561
2985
8721
2300
1421
7859
8140
3134
7166
4667
3374
7082
103
4491
5705
5218
4735
2811
8429
2316
4720
8364
8339
6432
1816
722
4896
2296
8289
4117
1468
543
8030
9540
9689
9140
9296
9047
6591
883
9216
8267
3223
5860
4462
794
89
5091
5521
9043
6521
1914
3871
631
1704
9129
8626
9175
2601
739
4994
3816
7017
2355
3077
567
3158
9222
9752
4061
9643
9718
9275
2826
2568
4507
9692
7983
6262
1862
7551
5385
3462
1092
1936
5281
4877
6338
1459
795
5634
6277
4097
1970
8499
1789
4383
1707
7151
2939
8164
2222
3176
288
335
2475
2350
4612
3862
2586
5215
5150
7206
3879
421
8203
8904
1727
9065
8
4198
6096
2592
7202
9825
6869
3867
6356
538
3111
1631
4209
9462
8591
1833
4086
2904
8886
3281
1725
3186
4855
3528
6782
3236
4396
1731
2254
2340
5691
5266
7135
8830
2737
7349
995
8462
8887
4424
9301
900
1384
8820
387
7924
3008
553
5094
594
7092
2811
8032
3850
1519
6082
1641
9661
8676
7805
4219
283
6394
8029
4903
2782
7396
893
1191
4980
9662
624
46
3259
6169
6165
7409
3066
2588
3838
719
1834
5347
5842
5456
3082
6285
6775
2010
7427
4737
1532
842
5284
1362
8311
6672
7137
9681
4899
9904
3346
6024
9579
4297
5587
8402
537
4292
5860
4996
1148
9899
6734
2032
9217
4205
9770
6415
4671
4818
1410
7811
4997
114
9309
4589
7075
5748
174
3939
1342
9528
3237
6081
3017
2730
6354
3188
1462
7463
7352
2078
9254
69
1588
3774
7503
1023
6453
8500
6999
3392
4743
4412
8992
8326
9430
3847
2357
8411
4777
2889
8311
9004
7553
5179
9609
4789
9455
4670
8290
3130
3674
3542
7199
3372
3556
4152
4097
1909
4915
1408
4540
4043
3771
8515
7055
1121
7895
8242
8527
3683
2760
5809
6443
9014
5739
494
6127
3338
6245
3815
8430
1948
2227
4535
5844
4078
4042
1425
1589
8215
2368
3425
9566
6260
9117
5207
8783
2031
5707
2626
2754
7653
1415
3118
3572
6783
3238
800
6671
5086
4126
2837
3770
6359
2300
6901
4510
2969
4746
4898
8113
303
1955
9346
1721
3889
6816
6379
1643
2229
6384
829
1662
1294
6837
6627
8817
5686
6086
5902
9542
7933
6969
7770
7110
6685
3601
9812
3713
8691
841
6951
7277
3425
7262
4549
1903
9319
4496
9998
4937
1474
2482
337
6204
8210
3448
3276
639
4580
5540
3731
5566
9704
9428
997
2336
5612
4302
2863
1952
7595
5865
6589
9382
9714
4010
4810
4845
3098
4883
9742
3909
1566
6644
7757
1929
9255
5217
5700
1022
1592
150
1222
5508
3799
2517
671
6479
6692
974
134
9840
9891
4254
9459
3002
769
143
2974
6228
3879
1569
193
4371
4030
1478
9003
3277
5574
8777
6818
4584
2651
1008
6792
4176
1694
5342
9540
9497
846
2773
8104
5027
6163
5508
685
7399
7565
209
8918
1030
2159
7883
8439
4323
3757
7590
1140
4836
4108
5617
5978
7729
6507
3851
4796
1003
6063
1838
7651
4042
2733
2663
5667
4336
9712
7464
3782
6719
4109
8948
9986
5624
6203
210
7907
9855
464
3159
1423
9162
6162
7242
8716
3259
9557
3557
2014
4861
6190
9112
9830
9319
8721
34
8770
2957
8442
4883
4016
2166
3914
6475
8444
574
4547
1979
3875
7709
489
4598
5426
5589
6639
3651
1561
7465
9872
8812
571
9120
4660
9848
9599
8897
8297
3314
44
7579
4486
6282
7336
489
1774
4331
2340
2332
4393
5713
8756
8958
8162
3091
8278
2636
5268
1209
7169
9978
4716
1897
4139
7922
6796
9841
3833
25
5389
1332
7718
5613
3397
3608
1212
7571
7805
4949
60
3049
686
297
9654
1794
8224
3258
341
8127
5316
429
4648
9697
189
6158
6284
4168
1077
3002
6541
5859
1838
3632
2487
2582
7901
1630
2361
5521
411
3384
2377
4515
9010
6535
540
54
247
591
7857
4947
7121
3176
6828
1573
1402
6250
4690
3826
451
8923
6074
7803
5088
5567
4574
6822
1167
1184
5279
8606
3219
8757
1019
3689
6341
2328
6348
3775
5509
8559
2282
390
2968
9099
4364
8053
4435
803
1638
1065
550
7760
8636
466
4373
5163
8301
4723
74
7206
4130
1304
8352
6561
1063
9472
1335
2377
7592
9546
9082
2511
8504
5924
7257
9244
513
8396
5215
6155
2309
5573
995
3782
8707
9623
8173
1070
1941
3899
4908
5023
4979
411
8406
3792
8821
7631
6255
2406
8021
6688
1417
1212
2985
867
7627
8845
2925
2326
548
628
5462
1002
4270
1299
7335
169
302
8686
3368
9039
2209
9813
941
2984
7414
5370
8816
5444
632
4323
4215
1582
9282
4894
942
6471
2859
4500
9994
993
3975
7826
3213
7410
1954
7937
3704
8020
8750
955
5764
6195
3902
8839
640
4251
9172
6837
5357
2644
6684
2077
628
8775
2444
4008
7321
1851
3044
4419
3859
2623
6079
6511
4213
8783
6607
5144
5412
9818
5949
9554
2735
9092
1436
9325
8233
3429
3838
2135
8812
3748
4675
9150
6607
7365
8699
2996
5066
4079
8539
7730
3399
5718
3684
6425
2257
1595
5276
2685
9815
8431
4469
304
8723
2665
4480
6472
9236
2044
4720
8378
6639
5966
8020
6023
2573
1715
3496
1000
9731
4801
7662
4791
2485
171
3438
7353
4918
526
9781
9718
7648
8261
4255
208
7
6232
5503
7000
1150
3554
3343
9541
1603
1176
3396
526
8780
3106
5309
8103
4776
7671
9629
8775
1077
7193
1995
9299
6549
5696
5929
6250
4511
2208
7554
5510
6709
3436
4100
9050
1279
3540
9704
7340
5721
8279
24
1101
1255
1048
9080
3120
6681
9067
4591
9845
1688
4569
6892
9428
477
2203
9301
1786
1572
8626
8433
3562
1581
9712
9333
9672
213
7239
1676
9309
5668
1
1137
1352
2992
6607
4393
6301
8764
3979
7561
5776
1254
5717
827
1361
2386
9568
9491
5436
603
9023
3593
9670
4247
5848
5552
5504
9191
2145
415
8229
3026
9162
9413
3057
3566
4685
7186
4386
3857
8787
208
4013
4263
6276
1749
1777
6667
3956
3703
6466
5984
7630
1331
6475
3418
1163
6638
9072
1972
9792
9509
1979
970
8819
