1
3
5
5
6
7
8
8
11
11
12
12
12
13
14
14
14
15
15
18
18
20
22
24
24
25
25
27
28
28
29
31
32
32
32
34
35
37
39
40
40
40
41
43
44
44
45
46
47
48
50
52
53
53
54
55
55
57
57
59
60
61
61
62
62
65
68
69
70
70
71
73
74
74
75
75
76
76
76
77
77
77
79
79
79
80
80
82
83
84
86
87
89
91
92
92
92
93
94
96
96
96
97
97
100
101
101
103
103
104
106
106
107
108
109
109
111
112
113
113
113
114
116
117
118
118
118
119
120
120
120
122
127
131
132
134
135
136
136
137
138
139
140
140
143
143
146
146
147
147
149
150
150
151
151
151
152
153
153
154
154
154
157
162
163
164
168
169
169
171
171
171
172
172
174
178
178
180
182
184
185
186
187
187
189
189
189
189
193
193
197
199
199
201
201
203
204
206
207
208
208
208
208
209
209
210
211
213
213
215
215
215
215
216
217
217
219
219
220
221
222
222
225
228
228
228
229
229
229
231
234
235
238
239
241
247
248
248
250
251
251
255
255
255
256
258
258
259
260
260
262
265
265
266
266
267
268
269
270
270
271
271
272
272
272
272
275
277
278
282
283
284
286
286
288
288
289
290
291
291
291
292
293
293
294
294
296
297
297
298
300
302
302
303
303
303
304
304
307
307
308
309
310
313
313
313
314
317
318
320
320
321
323
323
324
325
327
329
330
331
332
335
335
336
337
337
337
338
339
339
340
340
341
342
342
342
345
345
346
346
347
348
349
349
352
352
356
358
358
361
361
362
363
364
365
369
372
374
375
375
375
376
376
377
379
379
379
380
380
381
382
384
384
386
387
387
388
390
390
395
397
399
400
400
401
401
402
402
403
404
405
405
405
406
408
408
410
411
411
412
413
415
415
415
416
416
417
418
419
420
420
421
422
422
423
424
424
427
428
428
429
429
429
429
430
431
432
433
433
434
437
438
438
438
440
442
444
444
444
447
447
451
451
453
453
456
456
457
457
458
461
462
463
463
464
465
466
466
470
471
471
471
475
476
477
477
479
480
482
483
483
489
489
489
489
490
491
492
492
493
493
494
494
496
498
499
500
500
502
502
503
504
504
508
512
512
513
513
514
515
516
517
520
521
521
521
522
523
524
524
526
526
526
529
531
532
532
533
533
533
533
534
537
537
538
538
540
540
541
541
541
541
543
545
546
548
550
550
551
551
551
552
553
553
554
554
558
558
558
559
559
561
561
561
566
567
568
568
571
573
573
574
574
577
578
580
582
582
582
583
584
586
589
589
591
591
591
591
593
593
594
598
599
602
603
604
604
609
609
610
610
610
612
612
615
615
616
616
616
617
617
619
619
621
622
622
622
624
624
625
626
626
628
628
628
629
629
629
629
630
630
631
632
632
632
634
634
636
637
637
639
640
640
643
643
644
644
646
647
648
648
649
649
650
652
652
654
654
658
658
659
659
659
659
660
661
663
665
665
666
667
668
669
670
671
671
671
674
675
676
677
677
678
679
681
682
682
683
685
685
686
686
686
686
687
689
690
690
692
693
694
698
702
702
703
703
707
710
711
712
712
714
714
716
716
716
717
718
719
722
723
724
724
726
727
728
729
731
732
734
734
734
735
737
737
739
740
741
741
742
744
747
748
750
750
750
750
753
753
754
759
759
760
761
767
769
769
773
774
775
777
780
781
781
784
785
786
787
788
788
790
790
792
794
794
795
797
798
799
799
799
800
800
800
801
803
803
805
806
806
808
809
811
811
813
818
819
819
819
820
821
823
823
824
827
827
827
828
829
829
830
832
832
834
835
837
838
838
839
840
841
841
841
842
842
842
846
846
847
850
851
851
851
852
853
853
854
854
860
860
863
863
863
864
864
867
867
867
868
871
873
873
873
873
874
875
875
881
882
882
883
884
886
887
890
893
893
893
893
894
894
895
896
898
899
900
902
902
903
904
905
906
906
907
909
910
914
914
915
916
916
916
918
918
919
921
922
923
923
923
924
924
925
926
927
927
927
928
928
928
929
929
929
932
933
934
935
936
936
938
940
941
941
941
942
943
943
944
945
946
948
950
950
950
951
951
951
953
954
955
955
955
957
958
958
958
960
960
961
962
962
963
964
964
968
968
968
970
973
974
975
976
976
977
978
979
980
981
981
982
982
984
984
985
986
988
988
990
993
993
993
994
994
995
995
995
997
997
1000
1000
1000
1002
1002
1003
1003
1004
1005
1005
1007
1007
1007
1008
1009
1010
1011
1011
1013
1013
1014
1014
1016
1016
1017
1017
1019
1019
1019
1021
1021
1022
1022
1023
1023
1023
1024
1025
1026
1029
1030
1031
1033
1034
1036
1038
1038
1042
1042
1043
1044
1044
1045
1047
1047
1048
1051
1052
1052
1053
1053
1055
1055
1056
1057
1058
1058
1060
1062
1062
1063
1063
1063
1063
1064
1065
1066
1067
1067
1068
1069
1069
1070
1071
1072
1072
1073
1074
1075
1076
1076
1077
1077
1080
1081
1084
1084
1085
1086
1087
1089
1090
1091
1091
1092
1093
1094
1094
1094
1095
1097
1098
1098
1101
1101
1102
1104
1108
1108
1110
1111
1113
1114
1114
1114
1115
1115
1117
1117
1117
1117
1117
1119
1121
1121
1123
1124
1126
1126
1128
1128
1128
1129
1131
1133
1134
1134
1137
1138
1139
1140
1141
1143
1145
1146
1148
1150
1150
1151
1151
1152
1156
1156
1157
1161
1162
1163
1163
1163
1167
1167
1168
1169
1169
1172
1173
1175
1176
1178
1179
1180
1180
1180
1180
1182
1183
1184
1184
1185
1185
1190
1190
1191
1191
1193
1193
1194
1194
1195
1196
1199
1200
1200
1200
1202
1202
1204
1205
1206
1206
1208
1208
1209
1210
1211
1212
1212
1214
1215
1217
1218
1218
1218
1220
1221
1222
1222
1223
1225
1225
1226
1227
1230
1230
1231
1231
1234
1234
1236
1236
1238
1240
1240
1242
1242
1242
1243
1243
1244
1246
1248
1249
1250
1251
1251
1251
1252
1252
1252
1254
1254
1255
1255
1255
1257
1257
1257
1258
1259
1260
1260
1261
1261
1264
1265
1266
1269
1269
1270
1270
1272
1272
1274
1274
1275
1276
1279
1279
1280
1281
1282
1284
1286
1286
1287
1287
1288
1288
1289
1290
1292
1294
1294
1297
1299
1300
1300
1302
1304
1305
1306
1308
1309
1309
1310
1311
1312
1314
1315
1316
1316
1316
1317
1320
1321
1321
1321
1323
1326
1327
1328
1330
1331
1331
1332
1332
1335
1335
1335
1338
1341
1342
1343
1345
1345
1346
1348
1349
1350
1352
1352
1352
1352
1352
1353
1353
1354
1356
1356
1356
1358
1359
1359
1361
1362
1362
1364
1364
1365
1365
1366
1366
1366
1367
1368
1376
1379
1379
1380
1381
1381
1382
1382
1384
1384
1385
1387
1388
1388
1390
1391
1391
1391
1393
1394
1395
1395
1396
1396
1398
1400
1402
1403
1404
1405
1405
1405
1405
1407
1408
1409
1410
1410
1411
1412
1412
1415
1415
1416
1417
1417
1418
1418
1420
1420
1420
1421
1422
1423
1423
1425
1425
1427
1428
1429
1430
1430
1432
1436
1436
1439
1442
1444
1445
1446
1449
1449
1449
1451
1452
1453
1453
1453
1454
1454
1455
1455
1455
1458
1458
1458
1459
1459
1459
1459
1461
1462
1462
1462
1463
1466
1466
1467
1467
1467
1468
1469
1473
1473
1474
1474
1475
1475
1476
1477
1477
1478
1479
1479
1482
1482
1482
1485
1487
1487
1489
1491
1494
1496
1497
1498
1500
1500
1500
1500
1501
1501
1502
1502
1502
1503
1503
1503
1504
1509
1510
1511
1511
1511
1513
1516
1516
1519
1520
1522
1522
1525
1527
1529
1532
1532
1533
1537
1538
1538
1538
1538
1541
1541
1544
1545
1547
1550
1550
1551
1551
1554
1557
1557
1561
1561
1561
1561
1562
1563
1564
1564
1565
1565
1565
1566
1566
1567
1567
1567
1568
1569
1569
1569
1569
1572
1573
1580
1581
1581
1581
1581
1581
1582
1584
1584
1584
1585
1588
1588
1588
1589
1591
1592
1593
1595
1598
1600
1601
1602
1602
1603
1603
1604
1604
1605
1605
1605
1607
1607
1609
1609
1609
1610
1610
1611
1611
1613
1614
1616
1619
1619
1620
1620
1622
1623
1623
1624
1624
1625
1625
1626
1626
1627
1630
1631
1632
1633
1633
1633
1635
1635
1636
1637
1638
1638
1639
1640
1641
1642
1642
1643
1643
1644
1644
1649
1650
1650
1651
1653
1656
1656
1658
1659
1660
1662
1662
1664
1667
1668
1668
1668
1669
1670
1672
1674
1674
1675
1676
1676
1682
1683
1684
1687
1687
1688
1688
1688
1689
1689
1689
1690
1691
1691
1692
1692
1694
1694
1694
1695
1695
1697
1697
1698
1698
1698
1699
1699
1699
1701
1703
1703
1704
1704
1705
1707
1708
1708
1708
1709
1710
1711
1712
1712
1713
1714
1714
1714
1714
1715
1715
1716
1718
1719
1719
1721
1721
1721
1722
1722
1722
1725
1725
1726
1727
1727
1729
1730
1731
1731
1733
1733
1733
1734
1735
1736
1737
1738
1739
1739
1742
1743
1744
1744
1745
1746
1747
1747
1747
1747
1747
1749
1750
1752
1752
1753
1754
1755
1759
1760
1762
1763
1765
1769
1769
1770
1772
1774
1774
1774
1774
1774
1776
1777
1777
1779
1780
1781
1781
1782
1783
1784
1784
1784
1784
1784
1784
1786
1789
1789
1790
1790
1791
1791
1792
1792
1793
1794
1795
1795
1796
1796
1796
1797
1797
1799
1799
1800
1800
1801
1802
1803
1804
1805
1805
1805
1807
1807
1808
1808
1811
1811
1812
1813
1814
1816
1816
1818
1821
1822
1822
1824
1828
1830
1830
1831
1832
1833
1833
1833
1834
1834
1838
1838
1838
1839
1839
1841
1844
1844
1845
1845
1845
1845
1847
1848
1849
1851
1853
1854
1854
1855
1856
1856
1856
1857
1858
1860
1860
1861
1862
1862
1864
1865
1868
1868
1868
1868
1868
1870
1872
1872
1875
1876
1877
1878
1883
1884
1884
1887
1887
1887
1887
1889
1895
1895
1897
1897
1897
1898
1899
1901
1902
1902
1903
1903
1903
1904
1905
1905
1905
1906
1907
1909
1911
1912
1913
1914
1915
1915
1917
1918
1919
1920
1921
1922
1924
1927
1929
1931
1932
1933
1933
1933
1933
1934
1935
1935
1936
1937
1938
1941
1943
1945
1946
1947
1948
1948
1948
1949
1949
1952
1952
1953
1953
1954
1955
1960
1961
1963
1967
1968
1968
1968
1970
1972
1972
1972
1972
1973
1974
1975
1977
1977
1979
1979
1979
1980
1980
1982
1983
1986
1987
1989
1991
1992
1992
1993
1993
1994
1994
1994
1995
1996
1997
1998
1998
1999
1999
1999
2003
2005
2005
2008
2010
2010
2012
2013
2014
2014
2014
2015
2015
2015
2015
2016
2016
2016
2017
2022
2022
2024
2027
2028
2029
2029
2031
2031
2032
2034
2035
2035
2036
2036
2037
2038
2040
2044
2044
2044
2045
2046
2046
2047
2049
2049
2049
2050
2050
2051
2051
2053
2053
2054
2056
2058
2059
2060
2062
2063
2064
2065
2067
2068
2071
2072
2072
2072
2073
2074
2075
2076
2076
2077
2078
2078
2078
2079
2081
2084
2084
2085
2085
2089
2090
2091
2091
2091
2094
2099
2102
2104
2108
2109
2114
2115
2116
2116
2117
2118
2118
2118
2118
2120
2123
2124
2128
2129
2129
2131
2131
2133
2134
2134
2135
2135
2136
2136
2137
2137
2138
2139
2139
2140
2140
2142
2144
2145
2147
2148
2148
2148
2149
2151
2154
2155
2156
2158
2159
2159
2160
2161
2161
2161
2162
2162
2163
2164
2164
2165
2166
2166
2166
2167
2169
2171
2171
2175
2176
2176
2180
2180
2180
2182
2183
2184
2184
2185
2185
2191
2192
2192
2193
2194
2194
2194
2196
2197
2197
2198
2198
2199
2199
2200
2202
2202
2203
2205
2208
2209
2210
2211
2212
2212
2213
2215
2215
2216
2217
2217
2218
2218
2221
2222
2226
2227
2227
2229
2229
2229
2229
2230
2231
2231
2231
2232
2232
2233
2233
2234
2235
2242
2243
2245
2245
2247
2247
2249
2250
2250
2254
2255
2257
2257
2260
2260
2261
2262
2262
2263
2264
2269
2270
2270
2271
2272
2274
2274
2274
2275
2275
2277
2278
2280
2282
2283
2284
2284
2286
2287
2288
2290
2290
2293
2296
2296
2296
2297
2298
2299
2300
2300
2301
2302
2302
2302
2302
2309
2309
2310
2310
2311
2314
2314
2316
2317
2318
2319
2319
2319
2320
2320
2323
2323
2324
2324
2324
2326
2327
2328
2328
2330
2330
2330
2332
2332
2336
2338
2338
2339
2339
2340
2340
2340
2341
2341
2342
2342
2343
2344
2348
2348
2349
2350
2351
2351
2351
2352
2355
2355
2355
2356
2357
2357
2357
2357
2357
2360
2360
2360
2360
2361
2361
2362
2363
2363
2364
2366
2367
2368
2369
2370
2372
2374
2375
2376
2376
2377
2377
2378
2378
2378
2379
2380
2380
2380
2380
2384
2385
2386
2386
2387
2391
2391
2391
2393
2393
2393
2395
2397
2397
2398
2398
2399
2400
2400
2400
2401
2403
2404
2406
2407
2408
2409
2410
2414
2414
2415
2415
2420
2420
2421
2421
2421
2421
2422
2422
2423
2424
2424
2424
2424
2425
2426
2427
2430
2432
2433
2434
2434
2435
2435
2436
2436
2440
2442
2443
2444
2444
2444
2446
2447
2448
2450
2452
2455
2456
2458
2459
2459
2460
2460
2461
2461
2462
2462
2465
2467
2467
2469
2471
2471
2475
2476
2476
2477
2477
2478
2478
2479
2480
2481
2482
2482
2484
2485
2486
2487
2487
2490
2490
2491
2491
2492
2493
2493
2493
2494
2494
2496
2496
2497
2497
2498
2499
2506
2507
2510
2510
2510
2511
2512
2512
2512
2515
2517
2517
2518
2522
2523
2524
2525
2525
2528
2528
2529
2533
2533
2534
2539
2540
2541
2541
2542
2543
2543
2548
2549
2550
2550
2554
2555
2556
2556
2556
2557
2557
2558
2559
2560
2560
2562
2562
2563
2564
2567
2568
2568
2571
2572
2572
2573
2573
2573
2574
2575
2576
2577
2579
2579
2580
2580
2582
2583
2583
2584
2584
2585
2586
2586
2586
2586
2588
2589
2590
2592
2593
2593
2594
2594
2595
2595
2596
2597
2598
2598
2598
2598
2599
2601
2601
2601
2603
2606
2606
2606
2606
2607
2607
2608
2608
2610
2611
2612
2613
2617
2618
2619
2620
2620
2621
2621
2622
2622
2623
2623
2624
2624
2625
2626
2627
2628
2629
2629
2629
2629
2630
2632
2632
2633
2633
2634
2634
2636
2636
2636
2636
2637
2639
2641
2644
2644
2646
2646
2650
2651
2651
2653
2653
2655
2655
2656
2657
2658
2659
2659
2660
2661
2661
2661
2662
2663
2663
2664
2665
2665
2666
2666
2668
2668
2670
2671
2672
2673
2674
2676
2677
2678
2678
2679
2679
2680
2681
2682
2684
2685
2686
2687
2688
2690
2690
2692
2693
2695
2695
2695
2696
2696
2696
2697
2697
2699
2699
2700
2701
2701
2701
2703
2703
2704
2704
2705
2707
2709
2711
2712
2712
2713
2713
2717
2718
2718
2718
2718
2719
2720
2721
2722
2724
2724
2726
2727
2728
2730
2730
2731
2731
2732
2732
2732
2732
2733
2734
2735
2735
2737
2738
2738
2738
2740
2741
2741
2741
2745
2745
2745
2746
2746
2747
2749
2749
2752
2753
2753
2754
2754
2755
2756
2757
2759
2760
2760
2760
2760
2761
2762
2764
2764
2765
2766
2767
2767
2769
2769
2770
2770
2771
2771
2772
2772
2772
2773
2777
2778
2778
2779
2780
2780
2781
2781
2782
2788
2789
2789
2791
2791
2791
2794
2795
2797
2798
2799
2799
2799
2799
2802
2802
2804
2805
2805
2806
2806
2806
2806
2806
2808
2810
2811
2811
2811
2812
2814
2814
2817
2817
2818
2818
2818
2819
2820
2820
2821
2823
2826
2827
2827
2827
2828
2831
2831
2832
2832
2832
2832
2833
2834
2834
2836
2837
2837
2838
2838
2839
2839
2840
2843
2843
2844
2844
2845
2845
2846
2848
2850
2850
2852
2852
2854
2854
2855
2855
2856
2859
2861
2861
2862
2863
2864
2864
2865
2866
2866
2867
2868
2870
2870
2872
2873
2873
2874
2874
2875
2876
2877
2877
2880
2881
2881
2881
2882
2882
2884
2884
2884
2885
2887
2888
2889
2889
2889
2890
2890
2894
2895
2895
2898
2898
2899
2899
2901
2901
2903
2903
2904
2906
2907
2909
2910
2911
2911
2912
2913
2918
2918
2919
2920
2920
2922
2924
2925
2927
2928
2928
2930
2931
2931
2931
2931
2932
2932
2934
2934
2934
2935
2935
2936
2938
2938
2938
2939
2940
2941
2941
2942
2943
2945
2945
2945
2946
2947
2947
2949
2954
2955
2956
2957
2957
2957
2957
2957
2958
2958
2959
2961
2964
2964
2964
2964
2965
2966
2968
2969
2969
2970
2970
2970
2970
2974
2974
2974
2975
2976
2979
2982
2983
2984
2985
2985
2985
2986
2988
2988
2989
2989
2992
2992
2993
2996
2996
2997
2997
2998
3002
3002
3002
3002
3004
3005
3006
3008
3009
3010
3010
3010
3011
3011
3012
3015
3015
3016
3017
3017
3017
3019
3023
3024
3025
3026
3028
3029
3030
3033
3035
3035
3035
3037
3037
3038
3039
3039
3040
3040
3041
3041
3042
3043
3044
3046
3047
3047
3048
3049
3051
3052
3054
3055
3056
3057
3057
3058
3058
3059
3059
3061
3061
3061
3062
3064
3066
3070
3071
3071
3071
3073
3074
3075
3075
3077
3077
3077
3078
3078
3080
3080
3082
3086
3086
3086
3086
3086
3087
3088
3088
3088
3089
3090
3091
3091
3093
3093
3094
3097
3098
3098
3098
3099
3100
3101
3103
3104
3105
3106
3106
3106
3106
3109
3110
3111
3111
3112
3113
3114
3115
3115
3118
3118
3119
3119
3119
3120
3120
3122
3122
3128
3128
3129
3129
3130
3130
3130
3131
3132
3133
3134
3135
3136
3136
3136
3138
3138
3139
3141
3141
3143
3144
3144
3146
3146
3147
3147
3147
3147
3148
3150
3151
3152
3154
3154
3155
3156
3157
3157
3158
3158
3159
3159
3159
3160
3160
3161
3162
3163
3164
3166
3166
3167
3167
3168
3168
3170
3171
3171
3172
3173
3174
3175
3176
3176
3176
3177
3178
3178
3181
3181
3181
3182
3184
3185
3186
3188
3190
3191
3191
3191
3192
3192
3192
3193
3194
3194
3196
3197
3197
3199
3200
3200
3200
3201
3202
3202
3202
3202
3204
3207
3210
3211
3212
3212
3213
3217
3217
3218
3218
3219
3222
3223
3225
3226
3226
3226
3229
3231
3232
3232
3233
3234
3236
3236
3237
3237
3238
3239
3239
3245
3251
3251
3253
3255
3258
3258
3258
3258
3259
3259
3259
3259
3259
3260
3260
3262
3262
3263
3264
3267
3267
3269
3270
3270
3270
3273
3273
3273
3273
3273
3276
3276
3277
3277
3277
3278
3279
3279
3279
3279
3280
3280
3280
3281
3281
3282
3283
3283
3283
3283
3285
3287
3287
3289
3292
3296
3296
3297
3298
3298
3299
3299
3299
3300
3302
3304
3305
3305
3310
3312
3312
3314
3314
3315
3317
3319
3320
3320
3320
3321
3321
3321
3323
3324
3324
3325
3325
3325
3326
3327
3330
3333
3334
3335
3335
3335
3336
3336
3336
3338
3338
3339
3339
3339
3340
3340
3340
3341
3341
3342
3343
3343
3344
3344
3345
3345
3345
3346
3346
3346
3347
3347
3348
3349
3350
3350
3351
3352
3353
3353
3354
3354
3356
3356
3360
3362
3362
3362
3363
3364
3364
3368
3368
3369
3370
3372
3372
3373
3373
3374
3374
3377
3381
3382
3382
3383
3384
3384
3386
3386
3389
3389
3392
3395
3395
3395
3396
3397
3398
3399
3399
3401
3401
3401
3403
3405
3405
3406
3406
3406
3408
3409
3409
3411
3415
3416
3416
3417
3418
3418
3419
3420
3423
3425
3425
3425
3426
3427
3429
3432
3436
3437
3438
3439
3439
3439
3439
3439
3441
3441
3443
3444
3444
3444
3447
3447
3448
3451
3451
3451
3454
3456
3456
3458
3459
3460
3462
3462
3463
3463
3463
3466
3467
3470
3471
3473
3474
3475
3477
3480
3482
3483
3484
3484
3485
3485
3492
3494
3496
3499
3499
3499
3500
3501
3501
3502
3503
3504
3504
3508
3510
3510
3511
3511
3513
3514
3515
3517
3517
3518
3518
3518
3518
3518
3522
3522
3525
3525
3526
3526
3527
3528
3528
3529
3529
3529
3531
3534
3535
3535
3535
3537
3538
3540
3540
3540
3540
3540
3541
3542
3545
3545
3546
3546
3547
3550
3550
3552
3552
3553
3554
3556
3557
3557
3558
3560
3560
3561
3561
3561
3562
3565
3566
3569
3570
3572
3572
3573
3573
3574
3575
3576
3578
3578
3579
3579
3579
3580
3585
3585
3585
3586
3588
3589
3590
3591
3593
3594
3594
3595
3598
3598
3600
3601
3601
3602
3603
3603
3603
3604
3604
3607
3607
3608
3609
3610
3611
3611
3612
3613
3613
3614
3614
3616
3616
3616
3617
3617
3617
3618
3618
3619
3620
3621
3621
3622
3624
3626
3628
3631
3631
3632
3632
3634
3634
3634
3634
3635
3636
3638
3639
3640
3641
3641
3644
3645
3647
3650
3651
3653
3653
3654
3654
3656
3657
3657
3658
3658
3661
3662
3662
3665
3667
3669
3670
3671
3671
3674
3677
3678
3679
3680
3681
3681
3682
3683
3683
3684
3684
3685
3686
3686
3687
3689
3689
3690
3690
3691
3691
3692
3693
3695
3696
3698
3698
3699
3700
3700
3701
3702
3703
3704
3704
3707
3709
3711
3711
3712
3712
3712
3713
3716
3717
3717
3718
3719
3720
3721
3721
3721
3723
3723
3723
3723
3725
3725
3725
3726
3726
3727
3727
3728
3728
3729
3731
3731
3732
3734
3735
3735
3736
3738
3738
3738
3739
3739
3739
3740
3743
3743
3744
3745
3746
3746
3746
3748
3750
3751
3751
3752
3753
3753
3754
3754
3755
3756
3756
3756
3756
3756
3757
3759
3761
3761
3761
3762
3763
3763
3764
3765
3766
3767
3767
3767
3768
3768
3768
3768
3769
3770
3771
3772
3774
3775
3775
3775
3776
3779
3780
3781
3782
3782
3782
3783
3785
3786
3786
3786
3788
3788
3790
3790
3792
3793
3794
3795
3796
3796
3799
3799
3801
3803
3805
3805
3807
3809
3811
3811
3812
3813
3815
3815
3816
3816
3816
3818
3818
3819
3820
3820
3822
3822
3824
3824
3826
3826
3826
3827
3828
3832
3832
3833
3833
3836
3837
3838
3838
3838
3838
3838
3838
3839
3839
3839
3841
3844
3845
3846
3847
3848
3850
3850
3851
3851
3852
3852
3853
3853
3853
3854
3857
3858
3859
3861
3862
3863
3864
3864
3864
3867
3867
3869
3870
3871
3872
3875
3875
3875
3879
3879
3879
3879
3882
3882
3883
3884
3885
3885
3887
3888
3888
3888
3889
3890
3891
3892
3893
3894
3895
3897
3897
3898
3898
3899
3900
3900
3900
3902
3902
3903
3903
3905
3905
3905
3906
3909
3909
3909
3913
3914
3914
3917
3919
3920
3921
3921
3922
3924
3924
3926
3926
3928
3930
3931
3932
3937
3937
3938
3939
3939
3941
3941
3943
3944
3944
3946
3946
3949
3949
3951
3951
3951
3955
3956
3956
3957
3958
3958
3959
3959
3960
3960
3961
3961
3962
3962
3963
3970
3970
3971
3972
3972
3975
3976
3976
3977
3977
3978
3978
3979
3979
3979
3980
3980
3981
3983
3986
3987
3988
3990
3990
3990
3992
3996
3998
4000
4000
4001
4001
4002
4002
4003
4003
4003
4004
4005
4008
4009
4010
4011
4012
4013
4013
4013
4013
4014
4014
4014
4015
4016
4018
4018
4018
4018
4019
4021
4023
4024
4026
4027
4028
4029
4030
4030
4030
4031
4031
4033
4034
4035
4038
4042
4042
4043
4044
4044
4044
4045
4049
4052
4053
4055
4056
4056
4056
4056
4057
4057
4057
4059
4059
4059
4060
4060
4061
4061
4062
4062
4064
4066
4067
4067
4070
4070
4071
4073
4074
4075
4075
4075
4076
4076
4078
4078
4078
4079
4079
4081
4085
4086
4086
4086
4088
4088
4089
4089
4090
4090
4091
4091
4091
4093
4095
4096
4097
4097
4097
4097
4098
4098
4100
4100
4100
4100
4101
4102
4104
4104
4104
4104
4104
4106
4107
4107
4108
4108
4108
4108
4109
4109
4113
4116
4116
4116
4116
4116
4117
4118
4119
4119
4121
4121
4126
4126
4126
4126
4127
4128
4128
4130
4131
4134
4137
4137
4138
4139
4139
4139
4140
4142
4142
4143
4145
4145
4146
4147
4149
4149
4150
4151
4152
4152
4155
4155
4155
4157
4159
4159
4159
4159
4160
4164
4166
4167
4167
4168
4170
4171
4171
4173
4175
4176
4179
4179
4179
4181
4182
4182
4182
4184
4184
4184
4185
4185
4186
4187
4187
4188
4189
4189
4189
4192
4192
4193
4194
4194
4195
4196
4197
4198
4198
4199
4199
4199
4200
4204
4204
4205
4205
4205
4206
4206
4207
4208
4208
4209
4209
4210
4210
4211
4213
4213
4213
4215
4216
4219
4219
4219
4221
4225
4225
4227
4232
4232
4234
4235
4236
4237
4239
4241
4247
4250
4251
4251
4253
4254
4254
4255
4255
4256
4257
4260
4262
4262
4262
4263
4263
4264
4264
4266
4266
4266
4269
4269
4269
4270
4270
4270
4273
4274
4275
4276
4278
4282
4282
4282
4283
4283
4284
4284
4284
4289
4291
4292
4292
4292
4294
4296
4297
4297
4298
4300
4300
4301
4301
4302
4302
4303
4304
4304
4304
4304
4311
4311
4314
4316
4317
4317
4319
4320
4321
4321
4321
4323
4323
4323
4324
4324
4325
4325
4325
4326
4326
4326
4327
4328
4328
4329
4331
4331
4331
4332
4333
4334
4334
4335
4335
4336
4337
4338
4339
4339
4341
4342
4343
4345
4345
4347
4347
4348
4350
4352
4353
4355
4355
4359
4360
4361
4364
4365
4371
4372
4373
4373
4373
4375
4375
4377
4377
4378
4378
4378
4381
4383
4383
4384
4386
4386
4388
4393
4393
4394
4394
4395
4396
4396
4397
4398
4399
4399
4400
4402
4402
4404
4405
4406
4410
4412
4412
4413
4414
4414
4416
4419
4419
4419
4421
4422
4423
4423
4423
4423
4423
4424
4426
4426
4426
4426
4427
4427
4427
4428
4429
4429
4431
4433
4434
4434
4434
4434
4434
4434
4435
4435
4437
4439
4440
4441
4441
4441
4443
4445
4446
4447
4448
4448
4449
4449
4453
4453
4454
4455
4457
4457
4458
4458
4459
4460
4461
4461
4461
4462
4464
4465
4465
4465
4465
4465
4466
4466
4467
4468
4469
4469
4470
4470
4470
4473
4473
4475
4476
4477
4477
4478
4480
4484
4486
4487
4488
4489
4490
4490
4491
4491
4491
4492
4493
4496
4496
4497
4498
4498
4499
4500
4502
4503
4503
4504
4505
4505
4506
4507
4507
4508
4508
4508
4509
4509
4510
4510
4511
4512
4514
4514
4515
4515
4519
4521
4521
4529
4530
4531
4531
4531
4532
4533
4533
4535
4535
4538
4540
4541
4542
4542
4544
4546
4547
4547
4549
4549
4550
4551
4552
4552
4554
4554
4554
4556
4557
4558
4559
4561
4563
4564
4564
4565
4565
4567
4567
4569
4569
4570
4574
4575
4575
4575
4578
4578
4579
4579
4580
4580
4582
4582
4582
4584
4585
4585
4589
4591
4592
4593
4594
4594
4597
4597
4598
4599
4600
4600
4602
4604
4604
4605
4605
4605
4605
4605
4610
4611
4612
4612
4613
4613
4614
4615
4616
4617
4617
4620
4621
4621
4622
4622
4623
4623
4625
4626
4630
4631
4632
4634
4636
4637
4637
4637
4638
4642
4642
4644
4647
4648
4648
4650
4651
4652
4653
4654
4656
4657
4658
4660
4661
4663
4663
4663
4663
4663
4664
4666
4666
4666
4667
4668
4670
4670
4671
4671
4673
4674
4674
4674
4675
4675
4676
4676
4677
4677
4679
4680
4680
4682
4682
4682
4684
4685
4685
4686
4687
4688
4688
4689
4690
4690
4690
4694
4695
4696
4696
4696
4699
4700
4700
4700
4700
4701
4702
4702
4702
4705
4705
4706
4707
4708
4708
4708
4713
4714
4714
4716
4716
4716
4717
4718
4719
4720
4720
4721
4722
4723
4723
4723
4725
4725
4725
4725
4726
4729
4732
4733
4733
4733
4734
4735
4736
4737
4737
4741
4742
4743
4744
4744
4746
4747
4747
4747
4748
4750
4751
4751
4753
4753
4754
4756
4757
4757
4757
4758
4758
4758
4758
4758
4759
4764
4765
4766
4767
4768
4768
4769
4769
4770
4772
4772
4772
4773
4774
4776
4777
4777
4777
4778
4778
4778
4778
4778
4780
4784
4784
4787
4788
4788
4789
4790
4791
4791
4791
4794
4795
4795
4796
4797
4798
4799
4799
4801
4801
4807
4808
4808
4810
4810
4810
4813
4814
4815
4815
4815
4816
4817
4818
4818
4818
4819
4821
4822
4823
4824
4826
4827
4828
4829
4832
4834
4834
4836
4836
4837
4837
4837
4837
4838
4839
4840
4842
4844
4844
4844
4845
4845
4846
4846
4847
4848
4850
4850
4850
4854
4855
4857
4858
4858
4858
4860
4861
4863
4869
4871
4874
4875
4877
4877
4880
4880
4881
4881
4881
4881
4882
4882
4883
4883
4884
4884
4884
4886
4886
4890
4891
4891
4891
4891
4894
4894
4895
4895
4896
4898
4899
4903
4903
4903
4904
4906
4907
4908
4911
4913
4913
4914
4914
4914
4915
4916
4917
4918
4918
4918
4919
4922
4923
4924
4924
4926
4926
4927
4927
4928
4928
4931
4932
4933
4933
4935
4937
4938
4942
4942
4944
4945
4945
4946
4947
4947
4947
4947
4948
4949
4949
4949
4949
4950
4950
4951
4956
4956
4960
4960
4961
4963
4963
4963
4966
4967
4968
4970
4972
4973
4973
4974
4975
4975
4976
4978
4979
4980
4981
4982
4987
4988
4989
4989
4990
4990
4994
4994
4995
4996
4996
4997
4997
5000
5003
5004
5005
5006
5008
5008
5011
5014
5014
5014
5017
5017
5017
5019
5020
5020
5023
5023
5026
5027
5027
5027
5028
5028
5032
5032
5033
5033
5034
5034
5034
5034
5035
5036
5037
5037
5037
5041
5041
5046
5047
5048
5049
5049
5053
5055
5055
5058
5059
5061
5065
5066
5067
5071
5075
5076
5077
5078
5080
5082
5083
5085
5085
5085
5086
5086
5086
5088
5090
5091
5092
5094
5094
5094
5096
5097
5097
5099
5100
5103
5103
5103
5105
5107
5111
5112
5112
5113
5113
5113
5114
5115
5117
5120
5122
5122
5123
5123
5123
5124
5126
5129
5131
5134
5134
5135
5139
5139
5141
5143
5143
5144
5144
5144
5147
5147
5148
5150
5150
5151
5151
5152
5153
5154
5154
5155
5155
5156
5157
5158
5158
5160
5160
5163
5163
5163
5164
5165
5165
5167
5167
5168
5169
5170
5172
5172
5173
5173
5173
5175
5176
5176
5177
5177
5179
5179
5180
5182
5182
5182
5183
5183
5184
5188
5190
5190
5195
5196
5196
5198
5199
5200
5201
5202
5205
5206
5207
5207
5208
5208
5209
5209
5210
5212
5213
5215
5215
5215
5215
5217
5217
5217
5218
5218
5218
5219
5220
5222
5223
5224
5227
5228
5229
5230
5231
5233
5233
5234
5234
5236
5237
5237
5238
5239
5239
5240
5240
5241
5243
5244
5244
5245
5245
5246
5246
5246
5246
5247
5247
5248
5248
5248
5251
5251
5252
5252
5252
5253
5255
5255
5255
5255
5256
5256
5260
5260
5264
5264
5264
5266
5266
5268
5271
5272
5272
5275
5276
5276
5278
5279
5279
5280
5281
5282
5282
5284
5284
5284
5286
5286
5287
5287
5288
5289
5289
5290
5290
5291
5292
5294
5298
5300
5300
5301
5301
5303
5303
5304
5307
5307
5308
5308
5309
5309
5311
5312
5314
5316
5316
5316
5316
5317
5317
5320
5321
5321
5323
5323
5326
5327
5329
5329
5331
5332
5333
5333
5334
5335
5338
5338
5339
5340
5342
5342
5344
5345
5345
5347
5348
5348
5349
5350
5351
5351
5352
5354
5354
5355
5355
5357
5359
5361
5365
5366
5366
5367
5367
5368
5368
5369
5370
5372
5372
5372
5373
5374
5375
5377
5377
5378
5379
5380
5382
5382
5383
5383
5384
5385
5385
5385
5386
5386
5387
5388
5389
5389
5389
5390
5395
5395
5395
5395
5396
5398
5399
5401
5403
5404
5405
5405
5408
5411
5411
5412
5412
5415
5415
5415
5416
5418
5419
5419
5420
5420
5421
5422
5425
5425
5426
5427
5430
5430
5431
5432
5433
5434
5435
5436
5438
5440
5442
5444
5444
5446
5446
5447
5447
5448
5448
5450
5453
5454
5455
5455
5456
5456
5460
5461
5462
5463
5463
5466
5466
5467
5467
5468
5470
5471
5473
5475
5475
5480
5481
5484
5484
5485
5485
5489
5489
5489
5491
5492
5493
5495
5496
5498
5499
5500
5501
5501
5502
5503
5503
5503
5503
5504
5504
5504
5507
5508
5508
5508
5509
5509
5509
5510
5510
5513
5514
5515
5515
5516
5516
5518
5518
5520
5521
5521
5521
5523
5524
5525
5528
5528
5531
5531
5533
5533
5537
5540
5542
5542
5544
5545
5549
5551
5551
5552
5552
5552
5553
5553
5555
5556
5556
5559
5561
5562
5564
5566
5566
5567
5568
5568
5569
5569
5570
5570
5570
5570
5572
5573
5574
5575
5576
5576
5576
5577
5577
5577
5578
5578
5579
5581
5583
5583
5583
5584
5584
5585
5586
5586
5587
5587
5589
5589
5589
5590
5592
5593
5594
5594
5596
5596
5597
5597
5600
5601
5601
5601
5602
5602
5604
5604
5606
5606
5606
5606
5607
5610
5611
5611
5612
5612
5613
5614
5615
5615
5616
5617
5617
5617
5618
5619
5621
5622
5622
5624
5626
5627
5627
5628
5630
5632
5632
5634
5634
5636
5637
5637
5638
5638
5640
5640
5640
5641
5641
5642
5643
5644
5644
5645
5646
5647
5648
5648
5649
5650
5650
5652
5653
5653
5653
5653
5654
5655
5657
5658
5658
5659
5660
5661
5661
5665
5665
5667
5668
5668
5669
5669
5670
5670
5670
5671
5675
5676
5677
5683
5684
5685
5685
5685
5686
5686
5686
5688
5689
5689
5690
5690
5691
5691
5693
5693
5695
5696
5696
5697
5697
5697
5698
5698
5699
5700
5700
5700
5702
5703
5704
5705
5705
5707
5707
5712
5713
5713
5715
5715
5716
5717
5717
5718
5718
5720
5721
5721
5721
5721
5725
5728
5729
5731
5734
5735
5736
5739
5739
5740
5742
5742
5743
5743
5746
5747
5748
5748
5750
5751
5752
5753
5755
5761
5761
5762
5762
5763
5764
5764
5764
5766
5767
5769
5769
5769
5772
5773
5773
5776
5776
5777
5777
5777
5778
5778
5781
5782
5785
5787
5787
5787
5789
5789
5791
5792
5792
5794
5794
5794
5796
5796
5797
5799
5802
5802
5803
5804
5804
5805
5809
5809
5809
5810
5812
5813
5815
5816
5818
5819
5819
5821
5821
5822
5826
5826
5829
5830
5831
5831
5832
5833
5834
5834
5834
5836
5836
5836
5838
5841
5842
5842
5844
5844
5845
5848
5849
5850
5850
5855
5855
5856
5856
5859
5859
5859
5860
5860
5860
5861
5862
5863
5864
5864
5865
5865
5866
5867
5870
5870
5873
5874
5874
5876
5876
5876
5877
5877
5878
5878
5879
5880
5883
5885
5887
5888
5888
5891
5892
5896
5897
5899
5900
5902
5902
5902
5903
5907
5908
5908
5909
5909
5911
5912
5913
5914
5914
5915
5915
5916
5918
5919
5920
5921
5924
5926
5926
5928
5929
5930
5932
5933
5935
5935
5937
5937
5939
5940
5941
5941
5945
5946
5949
5949
5949
5949
5950
5952
5953
5954
5954
5956
5957
5958
5958
5960
5962
5962
5963
5965
5965
5965
5965
5966
5967
5969
5969
5970
5970
5972
5972
5973
5974
5974
5975
5977
5977
5978
5978
5980
5982
5982
5984
5984
5984
5985
5985
5986
5986
5988
5988
5989
5990
5992
5992
5995
5995
5997
5997
5997
5997
5997
6002
6002
6003
6003
6005
6008
6009
6014
6016
6017
6019
6019
6021
6021
6022
6022
6023
6024
6024
6024
6025
6025
6026
6026
6027
6028
6029
6030
6030
6032
6033
6035
6035
6036
6037
6039
6040
6040
6041
6043
6043
6046
6047
6048
6049
6050
6051
6052
6053
6058
6059
6059
6061
6062
6062
6062
6063
6063
6064
6069
6070
6070
6070
6070
6072
6072
6073
6073
6074
6074
6075
6076
6078
6079
6081
6082
6082
6082
6083
6084
6084
6086
6086
6087
6089
6090
6090
6091
6096
6096
6097
6098
6100
6100
6101
6102
6102
6104
6108
6110
6111
6112
6114
6115
6116
6117
6117
6118
6118
6119
6119
6120
6121
6121
6121
6121
6121
6122
6122
6122
6122
6123
6124
6124
6126
6126
6127
6129
6132
6133
6133
6134
6137
6137
6137
6138
6140
6141
6145
6147
6148
6149
6151
6152
6152
6152
6154
6155
6156
6158
6159
6159
6160
6160
6160
6161
6162
6163
6163
6163
6164
6164
6165
6166
6168
6168
6169
6170
6171
6173
6173
6174
6176
6177
6177
6177
6178
6181
6181
6181
6183
6183
6183
6185
6185
6190
6190
6191
6192
6192
6194
6195
6195
6196
6198
6198
6199
6200
6201
6202
6203
6204
6205
6206
6207
6208
6208
6209
6212
6214
6216
6218
6218
6218
6219
6220
6222
6222
6224
6225
6226
6226
6228
6228
6231
6232
6233
6234
6235
6243
6244
6245
6245
6246
6246
6247
6248
6250
6250
6250
6252
6252
6252
6253
6253
6254
6254
6255
6255
6258
6260
6261
6261
6261
6261
6262
6262
6262
6263
6264
6264
6264
6265
6267
6267
6269
6272
6273
6273
6274
6276
6277
6277
6280
6281
6282
6282
6282
6283
6283
6284
6284
6285
6285
6285
6286
6286
6287
6287
6287
6289
6289
6290
6291
6291
6291
6292
6295
6296
6297
6299
6300
6300
6301
6301
6301
6304
6305
6307
6308
6308
6308
6309
6311
6312
6313
6314
6314
6315
6317
6317
6317
6318
6319
6320
6322
6324
6324
6324
6325
6326
6329
6330
6330
6331
6332
6338
6338
6340
6341
6341
6342
6342
6342
6343
6348
6348
6352
6353
6354
6354
6355
6356
6356
6357
6359
6360
6360
6360
6363
6363
6364
6365
6366
6366
6369
6370
6370
6372
6376
6378
6379
6379
6380
6380
6382
6382
6384
6387
6388
6390
6391
6392
6394
6394
6400
6402
6403
6404
6404
6404
6407
6408
6408
6409
6410
6410
6410
6411
6412
6413
6414
6415
6415
6418
6418
6419
6419
6419
6419
6420
6421
6422
6424
6424
6424
6425
6425
6425
6427
6427
6427
6427
6428
6429
6431
6432
6432
6432
6433
6434
6436
6439
6440
6442
6443
6446
6449
6450
6451
6451
6451
6452
6453
6455
6458
6459
6462
6463
6463
6464
6464
6464
6466
6466
6466
6467
6469
6471
6471
6472
6475
6475
6476
6479
6480
6481
6482
6483
6484
6484
6487
6487
6491
6495
6495
6497
6498
6499
6500
6501
6501
6501
6501
6506
6507
6507
6509
6511
6511
6512
6512
6518
6519
6521
6521
6522
6522
6522
6522
6525
6525
6525
6525
6527
6531
6535
6535
6537
6538
6538
6538
6539
6541
6542
6544
6544
6545
6545
6546
6547
6548
6549
6549
6551
6552
6554
6556
6557
6558
6558
6559
6560
6560
6560
6561
6561
6562
6565
6566
6569
6569
6569
6572
6572
6573
6574
6575
6576
6577
6579
6579
6581
6581
6581
6581
6581
6582
6583
6585
6586
6587
6587
6588
6589
6589
6589
6590
6591
6592
6594
6594
6596
6596
6599
6599
6599
6600
6601
6601
6605
6606
6606
6607
6607
6607
6607
6607
6610
6611
6613
6615
6618
6619
6619
6620
6622
6622
6622
6626
6627
6628
6630
6633
6633
6634
6636
6637
6638
6639
6639
6642
6644
6645
6647
6649
6650
6651
6653
6653
6655
6657
6657
6659
6659
6660
6660
6660
6661
6661
6662
6663
6663
6664
6667
6667
6669
6669
6670
6671
6672
6672
6673
6674
6675
6678
6679
6680
6681
6682
6684
6684
6684
6685
6685
6687
6688
6688
6689
6689
6690
6690
6691
6691
6692
6693
6693
6693
6695
6696
6697
6698
6698
6699
6699
6700
6701
6701
6702
6705
6705
6706
6706
6708
6709
6709
6709
6711
6712
6712
6716
6717
6717
6719
6721
6722
6723
6723
6725
6728
6728
6729
6730
6731
6731
6731
6732
6732
6732
6734
6735
6735
6735
6735
6738
6738
6739
6739
6739
6740
6741
6744
6745
6746
6746
6748
6750
6752
6753
6757
6757
6758
6758
6758
6759
6760
6760
6761
6761
6762
6763
6763
6764
6764
6764
6765
6765
6768
6768
6771
6771
6773
6773
6775
6775
6776
6777
6780
6781
6781
6782
6782
6783
6783
6783
6784
6787
6790
6790
6792
6792
6792
6793
6794
6794
6796
6796
6796
6798
6800
6801
6801
6804
6804
6805
6806
6806
6806
6806
6807
6807
6809
6810
6810
6815
6816
6816
6816
6816
6818
6819
6821
6822
6822
6823
6824
6828
6828
6829
6829
6830
6831
6832
6832
6832
6833
6834
6836
6837
6837
6841
6842
6843
6843
6843
6844
6844
6845
6847
6847
6849
6850
6851
6852
6852
6855
6856
6857
6861
6862
6862
6864
6868
6869
6869
6871
6874
6877
6881
6881
6881
6881
6885
6886
6887
6891
6892
6892
6892
6893
6894
6895
6896
6897
6898
6901
6902
6902
6903
6907
6908
6908
6911
6912
6913
6913
6914
6915
6915
6916
6917
6917
6920
6920
6920
6921
6922
6926
6926
6931
6931
6932
6933
6934
6935
6936
6936
6938
6939
6940
6941
6941
6942
6943
6945
6948
6950
6951
6952
6954
6957
6959
6960
6960
6960
6960
6963
6963
6963
6964
6965
6965
6967
6969
6969
6971
6972
6972
6973
6974
6975
6977
6977
6977
6978
6979
6979
6979
6981
6981
6983
6983
6984
6987
6987
6992
6992
6992
6993
6996
6997
6997
6997
6998
6999
6999
7000
7001
7001
7002
7002
7003
7004
7009
7009
7010
7011
7012
7013
7017
7018
7018
7019
7020
7021
7021
7021
7022
7025
7025
7026
7027
7027
7030
7031
7032
7032
7033
7033
7035
7036
7037
7037
7037
7038
7038
7039
7042
7044
7046
7048
7050
7051
7052
7054
7054
7055
7055
7056
7059
7059
7061
7062
7062
7063
7063
7064
7065
7065
7065
7066
7066
7067
7068
7070
7071
7075
7076
7076
7078
7078
7080
7081
7082
7082
7082
7083
7084
7085
7086
7089
7090
7090
7092
7093
7093
7094
7095
7096
7096
7099
7099
7100
7102
7103
7103
7104
7105
7107
7108
7110
7110
7111
7111
7112
7112
7113
7113
7117
7118
7118
7119
7121
7121
7121
7122
7125
7125
7126
7128
7130
7130
7131
7133
7133
7134
7135
7135
7135
7137
7138
7139
7139
7140
7141
7141
7141
7143
7145
7145
7147
7148
7149
7149
7149
7149
7151
7152
7154
7157
7159
7162
7162
7164
7165
7165
7166
7167
7169
7170
7170
7171
7172
7175
7176
7177
7177
7177
7177
7180
7180
7181
7184
7186
7188
7188
7189
7190
7191
7193
7193
7194
7195
7196
7198
7199
7199
7199
7200
7201
7202
7202
7202
7204
7204
7204
7205
7206
7206
7206
7207
7207
7207
7208
7209
7211
7211
7216
7219
7225
7225
7226
7227
7228
7236
7236
7237
7237
7239
7239
7239
7240
7240
7241
7241
7242
7242
7243
7246
7247
7247
7248
7249
7249
7250
7250
7254
7254
7255
7257
7262
7265
7268
7268
7269
7269
7269
7270
7270
7270
7271
7272
7273
7274
7275
7275
7277
7277
7278
7278
7283
7284
7284
7286
7286
7286
7290
7293
7293
7293
7294
7295
7295
7295
7296
7296
7297
7298
7299
7299
7300
7301
7301
7302
7302
7305
7305
7306
7308
7309
7309
7311
7313
7314
7314
7314
7319
7319
7320
7320
7321
7326
7328
7330
7330
7331
7331
7332
7332
7335
7335
7336
7336
7337
7340
7341
7345
7347
7347
7349
7352
7352
7353
7354
7355
7355
7356
7357
7358
7358
7358
7358
7362
7362
7363
7364
7365
7366
7366
7367
7367
7368
7368
7369
7371
7371
7371
7371
7372
7374
7377
7377
7378
7378
7379
7379
7384
7389
7391
7394
7395
7396
7396
7397
7398
7398
7399
7399
7399
7401
7401
7402
7402
7403
7404
7404
7406
7407
7409
7410
7411
7412
7413
7414
7414
7416
7418
7418
7420
7421
7422
7425
7426
7427
7427
7427
7428
7429
7430
7430
7431
7431
7432
7432
7432
7435
7435
7436
7436
7437
7437
7439
7439
7440
7444
7444
7445
7447
7447
7448
7449
7450
7453
7453
7453
7453
7457
7457
7459
7461
7462
7462
7462
7463
7464
7465
7468
7469
7471
7472
7472
7473
7474
7475
7476
7476
7477
7478
7482
7482
7484
7484
7485
7486
7488
7488
7489
7489
7489
7490
7490
7490
7491
7493
7493
7495
7495
7497
7497
7499
7499
7499
7500
7500
7500
7501
7502
7502
7503
7503
7504
7504
7505
7507
7508
7508
7510
7515
7515
7516
7517
7521
7522
7524
7525
7526
7528
7529
7529
7529
7530
7533
7533
7533
7534
7534
7534
7534
7534
7535
7538
7539
7541
7542
7542
7546
7546
7547
7548
7550
7551
7551
7553
7554
7554
7554
7557
7560
7561
7562
7563
7563
7563
7564
7565
7565
7565
7566
7568
7568
7569
7570
7570
7570
7571
7575
7576
7578
7578
7579
7579
7581
7582
7584
7584
7584
7584
7585
7586
7588
7589
7590
7590
7590
7591
7591
7592
7592
7592
7592
7593
7594
7594
7594
7595
7595
7596
7596
7598
7600
7600
7600
7605
7606
7607
7608
7614
7615
7617
7620
7623
7624
7624
7625
7627
7627
7628
7629
7629
7630
7631
7632
7633
7633
7635
7636
7636
7636
7638
7641
7643
7643
7643
7644
7645
7646
7646
7647
7648
7649
7650
7650
7651
7652
7652
7653
7654
7654
7655
7655
7656
7657
7657
7658
7659
7659
7660
7660
7660
7661
7662
7662
7665
7666
7666
7668
7669
7669
7671
7673
7675
7676
7676
7681
7682
7683
7684
7686
7689
7691
7692
7693
7697
7697
7697
7698
7699
7699
7700
7701
7701
7701
7702
7702
7702
7703
7703
7705
7706
7706
7706
7709
7710
7711
7713
7713
7714
7714
7716
7718
7718
7719
7720
7722
7723
7724
7726
7728
7728
7728
7728
7729
7729
7730
7733
7733
7734
7734
7735
7737
7737
7739
7740
7741
7741
7743
7744
7745
7745
7745
7745
7747
7750
7750
7751
7751
7754
7755
7755
7756
7756
7757
7759
7759
7760
7761
7761
7764
7766
7767
7767
7769
7770
7772
7772
7774
7775
7777
7778
7778
7778
7778
7779
7780
7780
7782
7783
7784
7785
7786
7791
7791
7791
7791
7792
7794
7796
7796
7796
7796
7796
7797
7797
7798
7799
7801
7802
7803
7803
7804
7804
7805
7805
7805
7806
7807
7807
7807
7808
7808
7810
7810
7811
7813
7813
7813
7814
7814
7814
7816
7816
7818
7819
7820
7820
7821
7821
7822
7824
7825
7826
7827
7827
7829
7830
7831
7831
7832
7833
7835
7835
7836
7837
7837
7838
7840
7842
7844
7845
7845
7848
7850
7850
7851
7852
7853
7853
7853
7854
7854
7855
7856
7856
7856
7857
7857
7857
7858
7858
7858
7859
7859
7860
7860
7862
7863
7864
7865
7867
7869
7872
7874
7874
7875
7875
7877
7880
7880
7881
7881
7881
7882
7883
7885
7887
7888
7892
7893
7894
7894
7895
7896
7896
7898
7899
7899
7900
7900
7901
7901
7901
7901
7902
7902
7904
7905
7905
7905
7906
7907
7909
7910
7910
7913
7913
7914
7916
7919
7919
7919
7921
7922
7922
7922
7924
7925
7925
7925
7926
7926
7927
7928
7928
7928
7930
7930
7931
7933
7934
7936
7937
7937
7937
7938
7939
7941
7941
7943
7945
7946
7946
7947
7948
7948
7949
7952
7953
7954
7955
7955
7955
7956
7956
7957
7958
7959
7959
7960
7960
7960
7963
7963
7963
7965
7965
7966
7967
7968
7972
7972
7973
7974
7978
7979
7981
7981
7982
7982
7983
7984
7985
7988
7989
7991
7991
7993
7994
7995
7997
7999
8001
8004
8005
8007
8007
8008
8009
8012
8012
8012
8013
8013
8014
8014
8014
8015
8015
8018
8018
8019
8019
8020
8020
8020
8021
8023
8025
8027
8027
8028
8028
8029
8030
8030
8031
8031
8032
8037
8039
8040
8042
8043
8043
8045
8045
8046
8046
8048
8048
8049
8051
8053
8054
8055
8058
8059
8060
8061
8062
8063
8067
8070
8071
8072
8076
8076
8082
8083
8084
8084
8085
8085
8086
8086
8086
8087
8089
8090
8091
8093
8093
8093
8094
8094
8095
8095
8096
8097
8103
8103
8103
8103
8104
8104
8104
8106
8107
8108
8109
8109
8110
8111
8112
8113
8113
8114
8115
8115
8116
8116
8117
8118
8118
8123
8125
8125
8127
8127
8127
8129
8129
8130
8131
8133
8136
8136
8140
8141
8142
8142
8144
8146
8148
8148
8149
8150
8153
8154
8156
8156
8160
8160
8162
8162
8163
8164
8164
8166
8167
8168
8169
8170
8170
8170
8173
8174
8175
8176
8176
8177
8178
8179
8179
8186
8188
8189
8190
8193
8194
8196
8196
8197
8198
8199
8199
8203
8203
8203
8206
8206
8206
8207
8208
8210
8210
8210
8211
8212
8213
8214
8215
8215
8217
8219
8220
8221
8224
8225
8227
8228
8228
8229
8229
8229
8229
8229
8231
8232
8233
8236
8237
8237
8239
8239
8239
8240
8240
8242
8242
8243
8246
8248
8249
8249
8250
8251
8251
8252
8252
8252
8254
8255
8257
8257
8259
8259
8261
8261
8263
8263
8264
8264
8265
8265
8266
8266
8267
8267
8267
8269
8269
8270
8270
8270
8275
8277
8278
8279
8280
8284
8284
8285
8286
8286
8287
8289
8290
8291
8293
8295
8296
8297
8297
8301
8302
8305
8307
8308
8311
8311
8313
8317
8318
8318
8319
8319
8320
8322
8324
8324
8325
8325
8326
8327
8328
8329
8331
8332
8333
8333
8335
8335
8336
8336
8337
8338
8338
8339
8339
8340
8341
8342
8344
8345
8345
8345
8346
8346
8347
8348
8348
8349
8349
8349
8351
8352
8353
8354
8355
8355
8357
8358
8358
8359
8360
8360
8360
8362
8363
8364
8367
8368
8368
8368
8370
8372
8373
8374
8378
8378
8381
8383
8383
8383
8383
8386
8390
8393
8395
8396
8396
8396
8396
8397
8398
8399
8401
8402
8402
8403
8404
8405
8406
8406
8408
8409
8410
8411
8411
8412
8413
8413
8416
8420
8420
8423
8424
8424
8427
8429
8430
8431
8431
8433
8433
8433
8433
8436
8437
8437
8438
8439
8439
8440
8440
8441
8442
8442
8444
8448
8450
8450
8450
8456
8457
8458
8459
8459
8459
8460
8461
8462
8462
8462
8464
8465
8468
8469
8470
8470
8470
8470
8471
8472
8472
8472
8473
8473
8473
8473
8474
8474
8474
8475
8475
8479
8480
8480
8482
8483
8484
8484
8485
8486
8487
8488
8488
8489
8489
8489
8490
8490
8490
8491
8492
8492
8493
8494
8495
8497
8498
8499
8499
8500
8501
8502
8503
8503
8503
8504
8504
8504
8506
8506
8506
8507
8509
8514
8515
8515
8518
8518
8522
8523
8527
8527
8528
8531
8532
8534
8534
8535
8537
8539
8541
8542
8544
8544
8545
8546
8546
8546
8547
8547
8549
8550
8550
8551
8553
8554
8556
8556
8557
8558
8559
8559
8559
8561
8562
8562
8563
8564
8565
8565
8569
8569
8574
8575
8575
8576
8576
8578
8579
8583
8584
8587
8588
8589
8589
8590
8590
8590
8591
8591
8592
8592
8592
8593
8593
8593
8594
8594
8596
8596
8596
8599
8604
8606
8606
8608
8609
8609
8613
8615
8615
8616
8616
8617
8619
8621
8622
8623
8626
8626
8626
8626
8626
8629
8629
8629
8630
8630
8631
8633
8634
8636
8636
8637
8637
8638
8638
8638
8640
8640
8642
8642
8644
8645
8647
8647
8649
8650
8650
8653
8654
8654
8655
8656
8659
8659
8659
8659
8660
8661
8663
8664
8665
8666
8666
8669
8669
8669
8670
8670
8671
8672
8673
8673
8673
8674
8674
8675
8676
8677
8677
8678
8680
8680
8681
8682
8683
8683
8683
8683
8685
8686
8686
8686
8687
8688
8688
8688
8690
8691
8692
8692
8693
8695
8695
8695
8697
8697
8699
8699
8699
8700
8700
8700
8702
8705
8705
8707
8709
8711
8711
8712
8712
8713
8715
8716
8716
8716
8716
8717
8719
8719
8720
8721
8721
8723
8724
8724
8724
8727
8730
8730
8731
8732
8732
8733
8733
8735
8735
8735
8736
8737
8739
8739
8740
8740
8743
8743
8745
8748
8748
8749
8749
8750
8750
8750
8750
8751
8753
8753
8754
8756
8757
8757
8759
8761
8762
8763
8764
8766
8768
8768
8769
8770
8771
8772
8772
8773
8775
8775
8777
8777
8778
8780
8780
8780
8781
8781
8782
8783
8783
8784
8785
8787
8787
8787
8791
8792
8794
8795
8800
8800
8802
8803
8810
8810
8810
8811
8812
8812
8813
8813
8814
8816
8816
8816
8816
8817
8817
8818
8818
8819
8819
8819
8820
8820
8821
8821
8821
8822
8823
8825
8827
8829
8830
8831
8832
8833
8833
8834
8835
8835
8836
8839
8841
8842
8842
8843
8844
8845
8845
8845
8845
8847
8847
8847
8847
8847
8849
8849
8849
8850
8852
8852
8853
8856
8856
8856
8856
8857
8858
8861
8862
8864
8865
8865
8867
8868
8868
8870
8871
8873
8873
8874
8877
8877
8877
8878
8878
8880
8880
8880
8881
8882
8884
8885
8886
8886
8886
8886
8887
8888
8889
8890
8891
8893
8894
8896
8897
8897
8897
8898
8900
8901
8901
8901
8903
8903
8904
8906
8907
8907
8907
8907
8908
8910
8912
8912
8913
8913
8913
8914
8915
8915
8917
8917
8918
8919
8922
8923
8923
8923
8924
8925
8925
8926
8927
8928
8929
8929
8929
8931
8931
8931
8932
8933
8934
8935
8935
8937
8937
8940
8940
8941
8941
8943
8944
8946
8948
8949
8949
8949
8950
8954
8956
8957
8958
8958
8959
8960
8961
8961
8962
8963
8963
8963
8963
8963
8964
8964
8964
8964
8964
8965
8966
8968
8968
8970
8971
8971
8971
8972
8974
8975
8976
8977
8978
8981
8983
8983
8984
8984
8985
8986
8987
8989
8991
8992
8995
8995
8995
8997
8997
8998
9000
9001
9001
9001
9001
9003
9003
9003
9004
9006
9008
9010
9013
9014
9015
9016
9017
9020
9021
9021
9021
9022
9022
9022
9023
9023
9024
9027
9029
9030
9031
9032
9032
9033
9034
9035
9035
9036
9037
9039
9039
9039
9040
9041
9043
9043
9043
9045
9045
9046
9047
9048
9049
9050
9051
9052
9053
9053
9053
9054
9059
9059
9060
9060
9062
9063
9064
9065
9065
9066
9066
9066
9067
9067
9068
9070
9070
9072
9072
9073
9075
9075
9077
9078
9080
9080
9081
9082
9083
9089
9089
9089
9090
9092
9092
9093
9093
9094
9094
9097
9099
9105
9105
9108
9109
9110
9111
9112
9113
9113
9113
9114
9114
9114
9115
9117
9117
9118
9120
9120
9120
9121
9122
9122
9124
9128
9128
9129
9129
9130
9130
9130
9131
9131
9131
9133
9133
9134
9134
9135
9136
9138
9139
9140
9140
9141
9141
9142
9143
9144
9146
9146
9146
9148
9149
9150
9150
9151
9151
9154
9154
9154
9154
9157
9157
9157
9157
9159
9159
9161
9162
9162
9162
9162
9163
9163
9163
9164
9165
9166
9167
9168
9169
9171
9172
9173
9173
9175
9175
9176
9177
9178
9179
9182
9183
9185
9186
9186
9189
9189
9191
9191
9194
9195
9196
9199
9200
9200
9200
9201
9201
9202
9202
9205
9206
9207
9207
9210
9211
9212
9212
9213
9214
9216
9216
9216
9216
9217
9217
9218
9221
9222
9222
9223
9223
9224
9225
9226
9226
9228
9231
9232
9233
9233
9236
9236
9237
9237
9238
9240
9241
9243
9244
9245
9246
9247
9248
9248
9250
9250
9251
9253
9253
9254
9255
9255
9260
9264
9268
9269
9272
9272
9273
9273
9273
9275
9276
9277
9277
9278
9278
9278
9278
9279
9280
9281
9281
9282
9282
9283
9284
9286
9286
9287
9287
9291
9292
9292
9294
9296
9296
9297
9299
9299
9299
9299
9301
9301
9301
9301
9302
9304
9306
9307
9309
9309
9310
9310
9311
9313
9319
9319
9320
9320
9321
9323
9324
9325
9325
9326
9328
9332
9333
9334
9334
9335
9336
9336
9339
9340
9342
9343
9343
9344
9345
9346
9347
9349
9349
9350
9351
9353
9355
9356
9356
9356
9357
9357
9357
9360
9361
9361
9361
9361
9362
9362
9363
9364
9364
9366
9371
9371
9372
9376
9378
9379
9380
9382
9385
9386
9386
9388
9390
9391
9392
9392
9394
9395
9395
9396
9397
9397
9399
9400
9401
9402
9403
9406
9407
9409
9411
9412
9412
9413
9414
9414
9414
9414
9414
9415
9417
9418
9418
9418
9418
9420
9423
9424
9424
9428
9428
9428
9430
9430
9431
9431
9432
9432
9434
9434
9434
9435
9436
9436
9437
9438
9440
9442
9443
9444
9444
9444
9445
9445
9446
9448
9448
9448
9449
9450
9451
9453
9453
9453
9454
9454
9455
9457
9459
9459
9459
9459
9460
9462
9462
9463
9466
9467
9468
9468
9470
9470
9471
9472
9472
9475
9475
9478
9478
9479
9479
9480
9481
9483
9485
9486
9487
9487
9487
9489
9491
9491
9491
9491
9491
9493
9494
9495
9496
9496
9497
9497
9499
9500
9505
9505
9506
9506
9507
9508
9509
9509
9512
9514
9515
9517
9517
9518
9520
9522
9526
9528
9529
9529
9529
9531
9531
9531
9531
9533
9533
9534
9535
9535
9536
9537
9537
9540
9540
9540
9541
9541
9542
9543
9543
9544
9545
9546
9546
9547
9547
9549
9549
9550
9551
9553
9554
9557
9557
9558
9560
9561
9561
9564
9566
9568
9569
9570
9571
9571
9574
9574
9575
9575
9575
9575
9575
9576
9577
9578
9579
9583
9586
9586
9588
9588
9589
9590
9591
9592
9592
9592
9593
9594
9594
9597
9598
9599
9599
9600
9601
9603
9605
9607
9607
9607
9608
9608
9609
9609
9610
9611
9611
9611
9612
9614
9616
9617
9617
9620
9622
9622
9623
9623
9623
9626
9626
9628
9628
9629
9629
9630
9631
9634
9637
9638
9638
9639
9641
9641
9641
9642
9643
9643
9643
9643
9645
9645
9647
9649
9649
9653
9653
9654
9655
9655
9657
9657
9660
9660
9660
9660
9661
9661
9662
9666
9668
9670
9671
9671
9671
9672
9675
9675
9676
9676
9677
9677
9678
9678
9681
9681
9682
9683
9684
9684
9684
9685
9686
9686
9688
9688
9688
9688
9689
9689
9692
9692
9692
9695
9696
9697
9697
9698
9699
9699
9701
9701
9701
9702
9702
9704
9704
9705
9705
9707
9711
9712
9712
9712
9712
9712
9713
9714
9714
9714
9716
9717
9717
9717
9718
9718
9718
9720
9721
9721
9723
9724
9724
9725
9728
9729
9731
9733
9733
9733
9733
9733
9734
9737
9737
9737
9740
9740
9741
9741
9741
9741
9742
9742
9743
9746
9748
9750
9750
9750
9751
9752
9752
9753
9754
9754
9756
9757
9757
9762
9762
9762
9762
9762
9763
9765
9765
9767
9768
9769
9769
9770
9771
9772
9772
9773
9774
9775
9776
9777
9778
9778
9779
9781
9781
9782
9782
9783
9785
9786
9786
9789
9789
9789
9790
9791
9792
9792
9792
9796
9797
9798
9798
9802
9802
9803
9805
9805
9806
9807
9807
9809
9809
9811
9812
9813
9813
9814
9814
9814
9815
9817
9818
9819
9820
9822
9824
9824
9824
9825
9825
9829
9830
9830
9830
9831
9832
9833
9833
9833
9834
9837
9837
9839
9839
9840
9840
9841
9843
9844
9845
9845
9845
9846
9847
9847
9848
9853
9854
9855
9855
9856
9856
9857
9858
9858
9860
9861
9864
9865
9868
9868
9868
9868
9870
9870
9872
9872
9873
9873
9874
9877
9878
9879
9880
9881
9882
9883
9883
9884
9885
9886
9888
9888
9890
9890
9891
9892
9894
9895
9896
9898
9899
9901
9904
9904
9905
9907
9908
9908
9909
9910
9910
9915
9917
9918
9919
9920
9922
9923
9923
9926
9926
9927
9928
9928
9934
9937
9937
9938
9940
9940
9941
9942
9942
9942
9942
9944
9945
9945
9946
9947
9949
9949
9950
9953
9954
9955
9956
9961
9962
9963
9964
9965
9965
9967
9967
9969
9971
9973
9974
9975
9975
9977
9978
9980
9980
9980
9980
9981
9982
9982
9984
9986
9986
9986
9989
9992
9993
9993
9994
9994
9994
9995
9998
9998
9998
